NAME,Lat,Long,Dpermit,Dtype
Birchall Ave & Sagamore St at NW corner,40.8491690010450,-73.8683560003279,DM,OLT
Birchall Ave & Sagamore St at NE corner,40.8491280013184,-73.8682130002267,A1,
Morris Park Ave & 180th St at NW corner,40.8412230010524,-73.8734990005079,NB,
Morris Park Ave & 180th St at NW corner,40.8414530006744,-73.8728919997833,DM,
Boston Rd & 178th St at SW corner,40.8408150007586,-73.8796230001386,A1,
Boston Rd & E Tremont Ave at NW corner,40.8404340008758,-73.8800050002781,NB,
Boston Rd & E Tremont Ave at NE corner,40.8403540011197,-73.8798330002186,DM,
Boston Rd & 178th St at SE corner,40.8406390011643,-73.8795549998336,A1,OLT
Boston Rd & 178th St at NW corner,40.8410780006641,-73.8793970001323,NB,
Boston Rd & 174th St at SW corner,40.8373250012973,-73.8880479998590,DM,
Boston Rd & 174th St at NW corner,40.8375990008028,-73.8877549996707,A1,
Southern Blvd & Freeman St at SW corner,40.8299030012910,-73.8920200000541,NB,
Southern Blvd & Freeman St at NW corner,40.8303690011869,-73.8920149995731,DM,
Westchester Ave & Simpson St at NE corner,40.8243560009869,-73.8928969996593,A1,OLT
Westchester Ave & Simpson St at NW corner,40.8241770008682,-73.8931140001832,NB,
Westchester Ave & Simpson St at NE corner,40.8243580004670,-73.8927239996843,DM,
Intervale Ave & Westchester Ave at NE corner,40.8224000009955,-73.8965080000528,A1,
Intervale Ave & Westchester Ave at NE corner,40.8224470006856,-73.8967189995454,NB,
Intervale Ave & Westchester Ave at SE corner,40.8220950012682,-73.8966810005905,DM,
Westchester & 160th St at SW corner,40.8195830005510,-73.9019579996092,A1,
Prospect Ave & 160th St at NW corner,40.8198870009735,-73.9016659996989,NB,
Jackson Ave & 152nd St at NE corner,40.8162010008899,-73.9079419997114,DM,
Jackson Ave & 152nd St at NE corner,40.8163490011890,-73.9078359999086,A1,
Jackson Ave & Westchester Ave at NE corner,40.8165890013450,-73.9078930000287,NB,
Jackson Ave & Westchester Ave at NW corner,40.8168730008419,-73.9073789995129,DM,
Melrose Ave & 149th St at NW corner,40.8162470009547,-73.9177980005247,A1,
Melrose Ave & 149th St at NE corner,40.8163150009188,-73.9175429995928,NB,
Melrose Ave & 149th St at NW corner,40.8162420010198,-73.9179340002602,DM,
3rd Ave & 149th St at NW corner,40.8162650006956,-73.9174560000332,A1,
Adam C. Powell Blvd & 149th St at NE corner,40.8240690008245,-73.9369810001771,DM,
Lenox Ave & 145th St at SW corner,40.8203430006295,-73.9365079998309,A1,
Lenox Ave & 145th St at NW corner,40.8206620008230,-73.9362750005102,NB,
Lenox Ave & 135th St at SW corner,40.8140240006621,-73.9411170002004,DM,
Lenox Ave & 135th St at NW corner,40.8143160007806,-73.9409099999740,A1,
Lenox Ave & 125th St at SW corner,40.8076810008460,-73.9457519999031,NB,
Lenox Ave & 125th St at NW corner,40.8079950006174,-73.9455239997889,DM,
Lenox Ave & 116th St at SW corner,40.8019450005959,-73.9499429996248,A1,
Lenox Ave & 116th St at NW corner,40.8022290008805,-73.9497339996279,NB,
St Nicholas Ave & Central Park North at NW corner,40.7984970007148,-73.9526720004523,DM,
Main St & Roosevelt Ave at SE corner,40.7595420005224,-73.8298849997495,A1,
Main St & Roosevelt Ave at NE corner,40.7597060008349,-73.8299430002239,NB,
Main St & Roosevelt Ave at SE corner,40.7594510006250,-73.8299270003609,DM,
Main St & Roosevelt Ave at NW corner,40.7595870009124,-73.8304080003336,A1,
Main St & Roosevelt Ave at SW corner,40.7594040012251,-73.8303329995819,NB,
126th St & Roosevelt Ave at NW corner,40.7547770008988,-73.8457370000362,DM,
126th St & Roosevelt Ave at SW corner,40.7543940011737,-73.8458320000814,A1,
126th St & Roosevelt Ave at NW corner,40.7546570007807,-73.8460140005180,NB,
126th St & Roosevelt Ave at NW corner,40.7547680005102,-73.8455980003548,DM,
111th St & Roosevelt Ave at NW corner,40.7516100005044,-73.8560650005506,A1,
111th St & Roosevelt Ave at SW corner,40.7514230005298,-73.8559960002660,NB,
111th St & Roosevelt Ave at SE corner,40.7515510008019,-73.8556280002132,DM,
103rd St & Roosevelt Ave at SE corner,40.7497870012090,-73.8623889994136,A1,
103rd St & Roosevelt Ave at NE corner,40.7499730007297,-73.8624250003994,NB,
103rd St & Roosevelt Ave at SE corner,40.7497750012743,-73.8625370002853,DM,
103rd St & Roosevelt Ave at NE corner,40.7499640005378,-73.8625460002482,A1,
Junction Boulevard & Roosevelt Avenue at NE corner,40.7492630009865,-73.8693760005382,DM,
Junction Blvd & Roosevelt Ave at SE corner,40.7490950008461,-73.8691200004944,A1,
Junction Blvd & Roosevelt Ave at NE corner,40.7492660009564,-73.8692199998578,NB,
Junction Blvd & Roosevelt Ave at SW corner,40.7490280012045,-73.8695740005060,DM,
Junction Blvd & Roosevelt Ave at NW corner,40.7492130007807,-73.8696960000289,A1,
90th St & Roosevelt Ave at SE corner,40.7483180008039,-73.8764320005428,NB,
90th St & Roosevelt Ave at NE corner,40.7485900012529,-73.8764609997669,DM,
90th St & Roosevelt Ave at NW corner,40.7485820009282,-73.8765909994451,A1,
82nd St & Roosevelt Ave at NE corner,40.7478120007132,-73.8838760001746,NB,
82nd St & Roosevelt Ave at SW corner,40.7474530005641,-73.8839730001898,DM,
82nd St & Roosevelt Ave at NW corner,40.7477970010259,-73.8840280001036,A1,
69th St & Roosevelt Ave at NE corner,40.7465090009821,-73.8962679998094,NB,
69th St & Roosevelt Ave at SW corner,40.7461480011490,-73.8963959998291,DM,
61st St & Roosevelt Ave at SE corner,40.7455310008345,-73.9032480002059,A1,
61st St & Roosevelt Ave at NE corner,40.7457170008055,-73.9030630001761,NB,
61st St & Roosevelt Ave at NE corner,40.7456920006394,-73.9032339996866,DM,
52nd St & Roosevelt Ave at SW corner,40.7439330006989,-73.9130029997995,A1,
52nd St & Roosevelt Ave at NW corner,40.7440670011744,-73.9130800003090,NB,
53rd St & Roosevelt Ave at SE corner,40.7444530004859,-73.9112820002306,DM,
53rd St & Roosevelt Ave at NE corner,40.7445900011772,-73.9112940000657,A1,
46th St & Queens Blvd at SE corner,40.7430640009755,-73.9186010004369,NB,
46th St & Queens Blvd at NE corner,40.7432170007153,-73.9185639998669,DM,
46th St & Queens Blvd at SW corner,40.7431050006760,-73.9188480002024,A1,
46th St & Queens Blvd at NW corner,40.7432400007651,-73.9188130005511,NB,
40th St & Queens Blvd at SE corner,40.7437100011260,-73.9241610002704,DM,
40th St & Queens Blvd at NE corner,40.7438820008264,-73.9241120001404,A1,
40th St & Queens Blvd at SW corner,40.7437430010001,-73.9244170002465,DM,
40th St & Queens Blvd at NW corner,40.7439110011120,-73.9243850003878,A1,
33rd St & Queens Blvd at SE corner,40.7445680006194,-73.9315700000916,NB,
33rd St & Queens Blvd at NE corner,40.7447240004612,-73.9315330005272,DM,
33rd St & Queens Blvd at NW corner,40.7445940005604,-73.9318290002506,A1,
33rd St & Queens Blvd at SW corner,40.7447630004857,-73.9317939996055,NB,
Queens Plaza North & 27th St at NW corner,40.7508350011798,-73.9396710002236,DM,
Queens Plaza South & 27th St at SW corner,40.7503020008581,-73.9402449997360,A1,
23rd St & 45th Rd at NW corner,40.7463080011636,-73.9457130001665,NB,
23rd St & 45th Rd at SE corner,40.7461300005765,-73.9453489995812,DM,
23rd St & 45th Rd at NE corner,40.7462320007559,-73.9453220003531,A1,
21st St & 49th Ave at NE corner,40.7425000011899,-73.9486089995216,NB,
21st St & 49th Ave at NE corner,40.7424050008781,-73.9481099998087,DM,
21st St & 49th Ave at NE corner,40.7424220010951,-73.9481950003783,A1,
Vernon Blvd & 50th Ave at NE corner,40.7427590011401,-73.9538929998818,NB,
Vernon Blvd & 50th Ave at NE corner,40.7428030013039,-73.9539550003610,DM,
5th Ave & 42nd St at SW corner,40.7534090011923,-73.9811299999673,A1,
,40.7020330008013,-74.0131489994905,NB,
,40.7020330008013,-74.0131489994905,DM,
,40.7019610005930,-74.0133969995612,A1,
,40.7019610005930,-74.0133969995612,NB,
3rd Ave & 60th St at SW corner,40.7620920011828,-73.9663399998183,DM,
3rd Ave & 60th St at NW corner,40.7623530005163,-73.9661549995898,A1,
3rd Ave & 60th St at SE corner,40.7619960006420,-73.9661050002499,NB,
3rd Ave & 60th St at NE corner,40.7622550007911,-73.9659180000687,DM,
Grand Army Plaza & Central Park South at SW corner,40.7645990009159,-73.9742280002037,A1,
Grand Army Plaza & Central Park South at NE corner,40.7649350013182,-73.9741909995507,DM,
Grand Army Plaza & Central Park South at NE corner,40.7648590013054,-73.9739980005269,A1,
7th Ave & 55th St at SW corner,40.7642580005167,-73.9812779994209,NB,
7th Ave & 55th St at SE corner,40.7640570009656,-73.9808030005496,DM,
7th Ave & 55th St at NW corner,40.7643770011530,-73.9811669996819,A1,
7th Ave & 55th St at NE corner,40.7641790010194,-73.9806829994986,NB,
7th Ave & 49th St at NE corner,40.7604540011048,-73.9833880003102,DM,
7th Ave & 47th St at SE corner,40.7590300005164,-73.9844120001342,A1,
Broadway & 47th St at NE corner,40.7595130005235,-73.9848840002975,NB,
7th Ave & 47th St at NW corner,40.7593840008346,-73.9847090001360,DM,
7th Ave & 49th St at SE corner,40.7602970012826,-73.9835669995860,A1,
Broadway & 40th St at SE corner,40.7541720005305,-73.9866800002304,NB,
Broadway & 40th St at SW corner,40.7543350007549,-73.9870969998054,DM,
Broadway & 40th St at NE corner,40.7543010012334,-73.9866229999187,A1,
Broadway & 40th St at NW corner,40.7545070012201,-73.9871079995402,NB,
6th Ave & 34th St at SE corner,40.7495900008369,-73.9876200005048,DM,
6th Ave & 34th St at NE corner,40.7498910012790,-73.9874950003936,A1,
Broadway & 32nd St at NE corner,40.7482940013366,-73.9879760000962,NB,
Broadway & 32nd St at NW corner,40.7484770010322,-73.9882879999865,DM,
Broadway & 28th St at SW corner,40.7452810010275,-73.9889230005460,A1,
Broadway & 28th St at NW corner,40.7454880007019,-73.9890100002310,NB,
Broadway & 22nd St at NE corner,40.7406430006781,-73.9892170000714,DM,
5th Ave & 22nd St at NE corner,40.7412080004830,-73.9896390005201,A1,
Broadway & 23rd St at NW corner,40.7419130008876,-73.9894280001732,NB,
Broadway & 22nd St at NW corner (exit only),40.7407580011327,-73.9896320000055,DM,
Broadway & 16th St at SE corner,40.7363390009094,-73.9906029999369,A1,
Broadway & 16th St at NE corner,40.7365230005194,-73.9904469997246,DM,
Broadway & Waverly Pl at NE corner,40.7296780007750,-73.9930510003954,A1,
Broadway & 8th Ave at SW corner,40.7306420009397,-73.9927369996260,NB,
Broadway & 8th Ave at SW corner,40.7305920008750,-73.9926199998699,DM,
Broadway & 8th Ave at NW corner,40.7307160005405,-73.9925170000092,A1,
Broadway & 8th Ave at NW corner,40.7307730008085,-73.9926409999076,NB,
Broadway & Prince St at SW corner,40.7242600006527,-73.9979569995641,DM,
Broadway & Prince St at NW corner,40.7243440004675,-73.9978749997036,A1,
Broadway & Canal St at NW corner,40.7195850012955,-74.0019299996069,NB,
Broadway & Canal St at NW corner,40.7196600005261,-74.0020190000110,DM,
Broadway & Canal St at SW corner,40.7194080011496,-74.0021580004743,A1,
Broadway & Canal St at SW corner,40.7194600004995,-74.0022360000955,NB,
15th St & Kings Hwy at SE corner,40.6088350009905,-73.9577690000580,DM,
15th St & Avenue U at SE corner,40.5989910009336,-73.9558279995547,A1,
15th St & Gravesend Neck Rd at NE corner,40.5950200007596,-73.9551200002249,NB,
15th St & Sheepshead Bay Rd at SE corner,40.5873020008318,-73.9542239999360,DM,
,40.5779860009853,-73.9602580002954,A1,
Branch 7 St & Brighton Beach Rd at NE corner,40.5779310013226,-73.9605240005708,NB,
Branch 7 St & Brighton Beach Rd at SE corner,40.5777460010290,-73.9602310001831,DM,
Branch 7 St & Brighton Beach Rd at SE corner,40.5776970011302,-73.9604380001530,A1,
Ocean Pkwy & Brighton Beach Rd at NE corner,40.5764230010710,-73.9678940005732,NB,
Ocean Pkwy & Brighton Beach Rd at NE corner,40.5764450004513,-73.9675909996015,DM,
Ocean Pkwy & Brighton Beach Rd at SE corner,40.5762090005573,-73.9678750003777,A1,
Ocean Pkwy & Brighton Beach Rd at SE corner,40.5762340009316,-73.9675610000336,NB,
8th St & Surf Ave at NW corner,40.5754990008483,-73.9768729996697,DM,
8th St & Surf Ave at NW corner,40.5759290010130,-73.9767470002230,A1,
Stillwell Ave & Mermaid Ave at SE corner,40.5769000013453,-73.9808459995050,DM,
9th Ave & New Utrecht Ave at NE corner,40.6463370012181,-73.9944889998725,A1,
New Utrecht Ave & 45th St at NW corner,40.6401850007780,-73.9944229998547,NB,
New Utrecht Ave & 45th St at NE corner,40.6401800009806,-73.9942200004318,DM,
New Utrecht Ave & 44th St at NW corner,40.6413600011721,-73.9944109994909,A1,
New Utrecht Ave & 44th St at NE corner,40.6413790009615,-73.9941880002461,NB,
New Utrecht Ave & 50th St at NW corner,40.6361330009774,-73.9949150004845,DM,
New Utrecht Ave & 50th St at NE corner,40.6361390005233,-73.9947020002238,A1,
New Utrecht Ave & 49th St at SW corner,40.6364150004735,-73.9948789997417,NB,
New Utrecht Ave & 49th St at SE corner,40.6364050007582,-73.9946730001887,DM,
New Utrecht Ave & 55th St at SE corner,40.6313890008260,-73.9952620001034,A1,
New Utrecht Ave & 55th St at SW corner,40.6315380005199,-73.9956429999148,NB,
New Utrecht Ave & 55th St at NE corner,40.6317090012421,-73.9952830005438,DM,
New Utrecht Ave & 71st St at SW corner,40.6188340011943,-73.9991950000330,A1,
New Utrecht Ave & 71st St at NW corner,40.6191330013383,-73.9992399999175,NB,
New Utrecht Ave & 71st St at SE corner,40.6187700005237,-73.9989950004290,DM,
New Utrecht Ave & 71st St at NE corner,40.6188890009745,-73.9988320005871,A1,
New Utrecht Ave & 79th St at NW corner,40.6128550005417,-74.0008919994665,NB,
New Utrecht Ave & 79th St at NE corner,40.6128470006114,-74.0007209995992,DM,
18th Ave & 85th St at SE corner,40.6076020011218,-74.0014910005690,A1,
18th Ave & 85th St at SE corner,40.6077230009748,-74.0018940004931,NB,
18th Ave & 85th St at NE corner,40.6078970011274,-74.0016280000552,DM,
20th Ave & 86th St at SE corner,40.6044390008816,-73.9981640003893,A1,
20th Ave & 86th St at NE corner,40.6045870008369,-73.9980069998917,NB,
20th Ave & 86th St at SW corner,40.6046310005965,-73.9984979996878,DM,
20th Ave & 86th St at NW corner,40.6047890005150,-73.9983490005478,A1,
Bay Pkwy & 86th St at SE corner,40.6017260012201,-73.9936960003891,DM,
Bay Pkwy & 86th St at NE corner,40.6018980011738,-73.9935380004209,A1,
Bay Pkwy & 86th St at SW corner,40.6019930010958,-73.9941300001053,NB,
Bay Pkwy & 86th St at NW corner,40.6021500012845,-73.9939480001562,DM,
25th Ave & 86th St at NE corner,40.5978890010917,-73.9869580004091,A1,
25th Ave & 86th St at NW corner,40.5981000006680,-73.9872790005634,NB,
25th Ave & 86th St at SE corner,40.5977510007892,-73.9871119998631,DM,
25th Ave & 86th St at SW corner,40.5979520006202,-73.9874420005107,A1,
Stillwell Ave & Bay 50th St at SW corner,40.5880220010568,-73.9837350000877,NB,
Stillwell Ave & Bay 50th St at SE corner,40.5880660010533,-73.9834979996632,DM,
Stillwell Ave & Bay 50th St at SW corner,40.5883050011225,-73.9837909997930,A1,
Stillwell Ave & Bay 50th St at SE corner,40.5883480009784,-73.9835430001352,NB,
8th Ave & 62nd St at NW corner,40.6345520006041,-74.0107259996902,DM,
Fort Hamilton Pkwy & 62nd St at NE corner,40.6321790006270,-74.0066579996032,A1,
New Utrecht Ave & 62nd St at SE corner,40.6256060013195,-73.9968299996842,NB,
18th Ave & 64th St at NW corner,40.6200620009055,-73.9894099998516,DM,
20th Ave & 64th St at NE corner,40.6173410010738,-73.9848400001121,A1,
Bay Pkwy & 66th St at SE corner,40.6129890011190,-73.9820839998658,NB,
7th St & Kings Hwy at NW corner,40.6051070007665,-73.9805780001007,DM,
8th St & Avenue U at NE corner,40.5964590005918,-73.9789429995288,A1,
8th St & 86th St at SE corner,40.5927240011958,-73.9782270003923,NB,
121st St & Jamaica Ave at SW corner,40.7002540013022,-73.8293319999900,DM,
121st St & Jamaica Ave at NW corner,40.7005200010353,-73.8292310002039,A1,
111th St & Jamaica Blvd at NE corner,40.6967710009369,-73.8370420003148,NB,
111th St & Jamaica Blvd at SE corner,40.6970550007023,-73.8371559999572,DM,
104th St & Jamaica Ave at SE corner,40.6950330004935,-73.8432980003650,A1,
104th St & Jamaica Ave at NE corner,40.6952670004950,-73.8432230004546,DM,
Woodhaven Blvd & Jamaica Ave at SW corner,40.6934510005082,-73.8525559995751,A1,
Woodhaven Blvd & Jamaica Ave at NW corner,40.6935630010210,-73.8526080001453,NB,
85th St & Jamaica Ave at SE corner,40.6923810011914,-73.8589749996498,DM,
85th St & Jamaica Ave at NE corner,40.6926660006727,-73.8590979999825,A1,
75th St & Jamaica at SE corner,40.6912850009199,-73.8664250000625,NB,
75th St & Jamaica at NW corner,40.6914790007344,-73.8666100003744,DM,
Autumn Ave & Jamaica Ave at SE corner,40.6901420009897,-73.8716300002606,A1,
Crescent St & Jamaica Ave at SE corner,40.6894700006205,-73.8734490001404,NB,
Crescent St & Jamaica Ave at NE corner,40.6895960009213,-73.8735549997661,DM,
Pine St & Fulton St at SE corner,40.6834780007663,-73.8725480005001,A1,
Pine St & Fulton St at NE corner,40.6835880013141,-73.8725999999176,NB,
Norwood Ave & Fulton St at NE corner,40.6817570007493,-73.8790070004207,DM,
Norwood,40.6816430010781,-73.8789840000952,A1,
Cleveland St & Fulton St at NW corner,40.6796560013162,-73.8857309997254,NB,
Cleveland,40.6795300007475,-73.8857160005657,DM,
Van Siclen Ave & Fulton St at SW corner,40.6778470008133,-73.8917110001344,A1,
Van Siclen,40.6778640010583,-73.8915659995882,NB,
,40.6767550011509,-73.8998340003018,DM,
,40.6768030006548,-73.8995100002221,A1,
Moffat St & Broadway at NW corner,40.6833130006107,-73.9113339996800,NB,
Moffat St & Broadway at SW corner,40.6834170012360,-73.9112420003158,DM,
Weirfield St & Broadway at SE corner,40.6858470008048,-73.9158070005386,A1,
Weirfield St & Broadway at NE corner,40.6859460011495,-73.9157129999340,NB,
Linden St & Broadway at SW corner,40.6900300009313,-73.9231610000360,DM,
Linden St & Broadway at NW corner,40.6901420009983,-73.9230620005719,A1,
Patchen Ave & Broadway at NE corner,40.6929300008525,-73.9282569999367,DM,
Patchen Ave & Broadway at SW corner,40.6929290013440,-73.9279399998690,A1,
Broadway & Myrtle Ave at NW corner,40.6968930012053,-73.9354609997631,NB,
Broadway & Myrtle Ave at SW corner,40.6969870012034,-73.9355590001339,DM,
Flushing Ave & Broadway at SE corner,40.7006290010873,-73.9419949995349,A1,
,40.7007200012087,-73.9416720003704,NB,
Flushing Ave & Broadway at SE corner,40.7006340011479,-73.9421730000514,DM,
Flushing Ave & Broadway at NW corner,40.7008470007834,-73.9417099999788,A1,
Moore St & Broadway at SW corner,40.7042790009205,-73.9483239994394,NB,
Moore St & Broadway at NW corner,40.7043960013469,-73.9482229997095,DM,
Hooper St & Broadway at SW corner,40.7071170007749,-73.9543699995654,A1,
Hooper St & Broadway at NW corner,40.7072480005251,-73.9543259994887,NB,
Marcy Ave & Broadway at NW corner,40.7085650012525,-73.9578929995316,DM,
Marcy Ave & Broadway at NE corner,40.7084090011353,-73.9576890005383,A1,
Marcy Ave & Broadway at NW corner,40.7085290004772,-73.9580479997386,NB,
Norfolk St & Delancey St at NE corner,40.7184100011562,-73.9871809998949,DM,
Norfolk St & Delancey St at NW corner,40.7185510011335,-73.9876500002773,A1,
Bowery & Delancey St at SE corner,40.7199770012427,-73.9935760002589,NB,
Bowery & Delencey St at NE corner,40.7202910005533,-73.9934109994752,DM,
69th St & Metropolitan Ave at SW corner,40.7120820005085,-73.8895400003393,A1,
Fresh Pond Rd & 67th Ave at SE corner,40.7059550007551,-73.8962320002186,NB,
62nd St & 67th Ave at SE corner,40.7061150011073,-73.8955589994599,DM,
Forest Ave & Myrtle Ave at NW corner,40.7047290006551,-73.9022430000838,A1,
Forest Ave & Myrtle Ave at SW corner,40.7044430012426,-73.9023890004375,NB,
Myrtle Ave & Seneca Ave at NE corner,40.7027800005958,-73.9075149997434,DM,
Myrtle Ave & Seneca Ave at SW corner,40.7028350007139,-73.9078939998377,A1,
Myrtle Ave & Greene Ave at NW corner,40.6987170006333,-73.9186550001951,DM,
Myrtle Ave & Greene Ave at SE corner,40.6989130007839,-73.9187709996045,A1,
Myrtle Ave & Cedar St at NW corner,40.6980330006764,-73.9263710000892,NB,
Myrtle Ave & Cedar St at SW corner,40.6978760010598,-73.9265249998293,DM,
8th Ave & 14th St at SE corner,40.7395500010666,-74.0023889997118,A1,
8th Ave & 14th St at SW corner,40.7397340004695,-74.0028039995312,NB,
3rd Ave & 14th St at SE corner,40.7329610005831,-73.9866569997725,DM,
3rd Ave & 14th St at SE corner,40.7331340005307,-73.9870409998132,A1,
1st Ave & 14th St at NE corner,40.7313970010899,-73.9821119995694,NB,
1st Ave & 14th St at NE corner,40.7314830011557,-73.9821450002780,DM,
Bedford Ave & N 7th St at SE corner,40.7177140006752,-73.9576949998199,A1,
Bedford Ave & N 7th St at NE corner,40.7178210011750,-73.9575680003226,NB,
Graham Ave & Metropolitan Ave at NE corner,40.7146610010663,-73.9442869995189,DM,
Graham Ave & Metropolitan Ave at SW corner,40.7146130008840,-73.9445700005742,A1,
Grand St & Bushwick Ave at SW corner,40.7119120013036,-73.9404329995776,NB,
Grand St & Bushwick Ave at SE corner,40.7121820012714,-73.9406679999817,DM,
Montrose Ave & Bushwick Ave at SW corner,40.7077230006109,-73.9400439994394,A1,
Montrose Ave & Bushwick Ave at NW corner,40.7078190004857,-73.9397489995122,NB,
Morgan Ave & Harrison Pl at SE corner,40.7063170007630,-73.9316960005586,DM,
Morgan Ave & Harrison Pl at SW corner,40.7062100007337,-73.9319600004846,A1,
Starr St & Wyckoff Ave at SE corner,40.7059430006417,-73.9220359999737,NB,
Starr St & Wyckoff Ave at NE corner,40.7062280010371,-73.9219099996039,DM,
Starr St & Wyckoff Ave at SW corner,40.7060820011396,-73.9223000005609,A1,
Starr St & Wyckoff Ave at NW corner,40.7063200012753,-73.9220620005477,NB,
DeKalb Ave & Wycoff Ave at SE corner,40.7041530009485,-73.9192730003069,DM,
DeKalb Ave & Wycoff Ave at NE corner,40.7043790009414,-73.9190260001493,A1,
DeKalb Ave & Wycoff Ave at SW corner,40.7043260012337,-73.9194519995150,DM,
DeKalb Ave & Wycoff Ave at NW corner,40.7044800008397,-73.9191840002381,A1,
George St & Wycoff Ave at NE corner,40.6960940004573,-73.9044300000085,NB,
George St & Wycoff Ave at NW corner,40.6960690008040,-73.9046649995195,DM,
7th Ave & 53rd St at NE corner,40.7629370011041,-73.9815780003660,A1,
7th Ave & 53rd St at SE corner,40.7627930013057,-73.9816899998670,NB,
Parsons Blvd & Archer Ave at NE corner,40.7023530007141,-73.7997840003990,DM,
Parsons Blvd & Archer Ave at NE corner,40.7018550009464,-73.8017400000779,A1,
Parsons Blvd & Archer Ave at NE corner,40.7028210005665,-73.7998429995909,NB,
Parsons Blvd & Archer Ave at SW corner,40.7023110013128,-73.7999909995893,DM,
Parsons Blvd & Archer Ave at NE corner,40.7018860009477,-73.8017540004326,A1,
Parsons Blvd & Archer Ave at NE corner,40.7026740005652,-73.7997860004186,NB,
Parsons Blvd & Archer Ave at SW corner,40.7023240008321,-73.8000100004430,DM,
Sutphin Blvd & Archer Ave at SW corner,40.7004010007589,-73.8079760001049,A1,
Sutphin Blvd & Archer Ave at NW corner,40.7008100006071,-73.8079229999402,NB,
Sutphin Blvd & Archer Ave at SE corner,40.7005540007470,-73.8073529996704,DM,
Sutphin Blvd & Archer Ave at NE corner,40.7008720004726,-73.8076730001447,A1,
Van Wyck Expwy & 89th Ave at SW corner,40.7012630005995,-73.8163720004556,NB,
Van Wyck Expwy & Jamaica Ave at NW corner,40.7027310011467,-73.8172699998088,DM,
Van Wyck Expwy & 89th Ave at SW corner,40.7012410010285,-73.8165769996493,A1,
Jackson Ave & 45th Rd at NW corner,40.7462140011302,-73.9451150003240,NB,
Jackson Ave & 47th Ave at SW corner,40.7446250007991,-73.9491169994972,DM,
Jackson Ave & 47th Ave at NW corner,40.7447710006871,-73.9486580004083,A1,
Jackson Ave & 47th Ave at SE corner,40.7445520004906,-73.9484250000671,NB,
Manhattan Ave & Greenpoint Ave at SW corner,40.7300700013470,-73.9543769998662,DM,
Manhattan Ave & Greenpoint Ave at SE corner,40.7301220004672,-73.9540489999083,A1,
Manhattan Ave & Greenpoint Ave at NW corner,40.7302780006233,-73.9544880001771,DM,
Manhattan Ave & Nassau Ave at SW corner,40.7236500011155,-73.9509289995658,A1,
Manhattan Ave & Nassau Ave at SE corner,40.7237650011791,-73.9505660005446,NB,
Manhattan Ave & Nassau Ave at NW corner,40.7237800008950,-73.9509850000564,DM,
Manhattan Ave & Nassau Ave at NE corner,40.7238940010898,-73.9506650004824,A1,
Union Ave & Metropolitan Ave at SW corner,40.7141400009099,-73.9513500005263,NB,
Union Ave & Metropolitan Ave at SW corner,40.7139270012440,-73.9517369996724,DM,
Union Ave & Broadway at SE corner,40.7051140011964,-73.9500620004596,A1,
Union Ave & Heyward St at NW corner,40.7054900006934,-73.9505540000777,NB,
Union Ave & Broadway at NE corner,40.7054950004603,-73.9500889999115,DM,
Union Ave & Broadway at SW corner,40.7052040010088,-73.9503199997935,A1,
Union Ave & Flushing Ave at SW corner,40.6995820005249,-73.9501640003900,NB,
Marcy Ave & Myrtle Ave at NW corner,40.6954360011201,-73.9494800002978,DM,
Nostrand Ave & Lafayette Ave at NW corner,40.6899950005536,-73.9516160001041,A1,
Nostrand Ave & Lafayette Ave at SW corner,40.6897570012905,-73.9516120002397,NB,
Classon Ave & Lafayette Ave at NW corner,40.6889420005461,-73.9602150002176,DM,
Classon Ave & Lafayette Ave at SE corner,40.6887810007737,-73.9598710001623,A1,
Classon Ave & Lafayette Ave at SW corner,40.6887530011424,-73.9601899998946,NB,
Clinton Ave & Lafayette Ave at NE corner,40.6881140011737,-73.9675750005051,DM,
Clinton Ave & Lafayette Ave at NE corner,40.6881140011737,-73.9675750005051,A1,
Clinton Ave & Lafayette Ave at SW corner,40.6878750010872,-73.9679310003171,NB,
Clinton Ave & Lafayette Ave at SW corner,40.6878750010872,-73.9679310003171,DM,
Washington Ave & Lafayette Ave at NE corner,40.6884600005732,-73.9657489997567,A1,
Washington Ave & Lafayette Ave at NE corner,40.6884600005732,-73.9657489997567,NB,
Washington Ave & Lafayette Ave at SE corner,40.6881570009034,-73.9655789999890,DM,
Washington Ave & Lafayette Ave at SE corner,40.6881570009034,-73.9655789999890,A1,
Fort Greene Pl & Lafayette Ave at NE corner,40.6871590006760,-73.9762899995137,DM,
Fort Greene Pl & Lafayette Ave at NW corner,40.6871600011162,-73.9768650004256,A1,
Broadway & 242nd St at NW corner,40.8897830008909,-73.8984320004532,NB,
Broadway & 242nd St at NE corner,40.8896830013467,-73.8979249995166,DM,
Broadway & 242nd St at NW corner,40.8901360010980,-73.8982569997844,A1,
Broadway & 242nd St at NE corner,40.8899460010267,-73.8977979998603,NB,
Broadway & 238th St at SW corner,40.8848130006347,-73.9009229996860,DM,
Broadway & 231st St at SW corner,40.8787750009525,-73.9050240001678,A1,
Broadway & 231st St at NW corner,40.8791680008723,-73.9047509996186,NB,
Broadway & 225th St at NW corner,40.8744370006604,-73.9105289996505,DM,
10th Ave & 215th St at SW corner,40.8694120008976,-73.9154550000011,A1,
10th Ave & 215th St at NW corner,40.8697930011374,-73.9151699998260,NB,
10th Ave & 207th St at NW corner,40.8647450012051,-73.9188640004496,DM,
10th Ave & 207th St at SW corner,40.8642830012766,-73.9192220003586,A1,
Hillside Ave & Nagle Ave at SW corner,40.8611830012097,-73.9251100004923,NB,
Hillside Ave & Nagle Ave at SW corner,40.8611870011235,-73.9250780001607,DM,
E Tenafly Av & S Railroad St at NW Corner,40.5402383831286,-74.1787020274733,A1,
Bay St & Hannah St at NE Corner,40.6363100547092,-74.0747211793683,NB,
Annadale Rd & N Railroad St at SW Corner,40.5406403096803,-74.1774613616439,DM,
Main St & Ellis St at SW Corner,40.5133949997685,-74.2511420053020,A1,
Seguine Av & Waterbury Av at SE Corner,40.5253527728560,-74.2008148816968,NB,
Nelson Av & Brower St at NE Corner,40.5510448287714,-74.1514903952280,DM,
Nassau Pl & Averill Pl at SW Corner,40.5178323601618,-74.2390068015093,A1,
Oregon Rd & Old Town Rd at NW Corner,40.5960837127766,-74.0875635870513,NB,
Garretson Av & Hancock St at NW Corner,40.5889808313319,-74.0956626902481,DM,
Clove Rd & Hillcrest Te at SW Corner,40.6036463903815,-74.0836100473049,A1,
Lincoln Av & N Railroad Av at SW Corner,40.5794406004058,-74.1090954742417,DM,
Tracy Av & Arthur Kill Rd at NW Corner,40.5153883425918,-74.2454326888753,A1,
Justin Av & S Railroad Av at NW Corner,40.5568533304917,-74.1362980235717,NB,
Amboy Rd & Station Av at SW Corner,40.5227952188157,-74.2166168949900,DM,
Saint Nicholas Ave & 191st St at SW corner,40.8553740007861,-73.9295359996622,A1,
Broadway & 190th St at NE corner,40.8564130010661,-73.9326050003464,NB,
Saint Nicholas Ave & 181st St at NE corner,40.8494350013189,-73.9334280001233,DM,
Saint Nicholas Ave & 181st St at SE corner,40.8490980011234,-73.9337469994527,A1,
Broadway & 157th St at NW corner,40.8342680013047,-73.9451830003889,NB,
Broadway & 157th St at NW corner,40.8342210007990,-73.9450729996485,DM,
Broadway & 145th St at NE corner,40.8266570008640,-73.9505199995504,A1,
Broadway & 137th St at NW corner,40.8215840007217,-73.9542229998489,NB,
Broadway & 137th St at SW corner,40.8213480008450,-73.9544080000251,DM,
Broadway & Tiemann Pl at NE corner,40.8151430007776,-73.9584390005636,A1,
Broadway & Tiemann Pl at NW corner,40.8156880004640,-73.9585540003850,NB,
Broadway & 125th St at SW corner,40.8153070012764,-73.9588260004081,DM,
Broadway & 125th St at SW corner,40.8152300011783,-73.9583660002470,A1,
Broadway & 116th St at NW corner,40.8082510009053,-73.9639550004301,NB,
Broadway & 116th St at NE corner,40.8080990006024,-73.9636029994103,DM,
Broadway & 116th St at NW corner,40.8084000006875,-73.9638450000096,A1,
Broadway & 116th St at NE corner,40.8082450011270,-73.9634949994310,NB,
Broadway & Cathedral Pkwy at NW corner,40.8043900011926,-73.9667860003796,DM,
Broadway & 103rd St at NW corner,40.7992820004593,-73.9686789999017,A1,
Broadway & 103rd St at NE corner,40.7991420009288,-73.9683139997894,NB,
Broadway & 103rd St at NW corner,40.7994100008196,-73.9686119999379,DM,
Broadway & 103rd St at NE corner,40.7992230007229,-73.9682709997649,A1,
Broadway & 86th St at SW corner,40.7883490010123,-73.9769349995924,DM,
Broadway & 86th St at NW corner,40.7885150007288,-73.9767179999452,A1,
Broadway & 79th St at NW corner,40.7840660012553,-73.9800510001022,NB,
Broadway & 79th St at SW corner,40.7837650011059,-73.9802739997079,DM,
Broadway & 72nd St at NE corner,40.7791460011890,-73.9818220002252,A1,
Broadway & 72nd St at NE corner,40.7788750010364,-73.9818770002209,NB,
Broadway & 66th St at SE corner,40.7737380009644,-73.9824480005314,DM,
Broadway & 66th St at SE corner,40.7738290007935,-73.9824330005515,A1,
Broadway & 66th St at SE corner,40.7735760005973,-73.9824249994980,NB,
Broadway & 50th St at SE corner,40.7611110008451,-73.9834359996606,DM,
Broadway & 50th St at SE corner,40.7612820010184,-73.9838529996424,A1,
Broadway & 50th St at NE corner,40.7612120008531,-73.9833570004013,NB,
Broadway & 50th St at NE corner,40.7613670004713,-73.9837819999669,DM,
7th Ave & 42nd St at NW corner,40.7562410007710,-73.9871330002365,A1,
7th Ave & 42nd St at SW corner,40.7560420012501,-73.9872420004170,NB,
7th Ave & 34th St at SW corner,40.7510460005201,-73.9912709994982,DM,
7th Ave & 23rd St at SE corner,40.7439100008146,-73.9956080000711,A1,
7th Ave & 23rd St at NE corner,40.7441200004840,-73.9953479998761,NB,
7th Ave & 18th St at SE corner,40.7409200011985,-73.9976979995116,DM,
7th Ave & 18th St at NE corner,40.7410150004800,-73.9975799995167,A1,
7th Ave & 14th St at SW corner,40.7384840006860,-73.9999140003478,NB,
7th Ave & 14th St at NW corner,40.7387750011289,-73.9997110004526,DM,
7th Ave & 14th St at NE corner,40.7385850009950,-73.9994050004941,A1,
7th Ave & West 4th St at SE corner,40.7334020010346,-74.0027480004898,NB,
Varick St & Houston St at SE corner,40.7284720009735,-74.0051880005409,DM,
Varick St & Houston St at NE corner,40.7286560010587,-74.0050860002093,A1,
Canal St & Varick St at NE corner,40.7225690007382,-74.0060800004437,DM,
Canal St & Varick St at NE corner,40.7224970005147,-74.0059939994229,A1,
West Broadway & Franklin St at SW corner,40.7190010009517,-74.0066750003124,NB,
Chambers St & West Broadway at SW corner,40.7154440005533,-74.0094530003824,DM,
15th St & Avenue J at NE corner,40.6253070009540,-73.9609690001586,A1,
East 16 St & Avenue J at NW corner,40.6253630004822,-73.9606539998178,NB,
East 16 St & Avenue M at NW corner,40.6181400006307,-73.9594600000230,DM,
15th St & Kings Hwy at NE corner,40.6090620007815,-73.9578079994960,A1,
14th St & Voorhies Ave at NE corner,40.5857340010433,-73.9543710004116,NB,
Branch 6 St & Brighton Beach Rd at NW corner,40.5776180011225,-73.9619939997117,DM,
Branch 6 St & Brighton Beach Rd at NW corner,40.5776560010812,-73.9617919997196,A1,
Branch 6 St & Brighton Beach Rd at SW corner,40.5773870011973,-73.9619120001212,NB,
Branch 6 St & Brighton Beach Rd at SW corner,40.5774250013101,-73.9617190003475,DM,
Ocean Pkwy & Brighton Beach Rd at NW corner,40.5765070008172,-73.9694449999277,A1,
Ocean Pkwy & Brighton Beach Rd at NW corner,40.5764870012012,-73.9692429999998,NB,
,40.5757520006336,-73.9767400005497,DM,
,40.5764640008449,-73.9748620001145,A1,
Stillwell Ave & Surf Ave at NE corner,40.5762410008349,-73.9810769996355,NB,
14th Ave & 61st St at NE corner,40.6272990013017,-73.9964650002099,DM,
14th Ave & 61st St at NW corner,40.6271100011449,-73.9968700002194,A1,
14th Ave & 61st St at NW corner,40.6273670010592,-73.9967290005698,NB,
11th Ave & 62nd St at NW corner,40.6306090011104,-74.0040670005872,DM,
63rd St & 15th Ave at SE corner,40.6242460007169,-73.9959620003890,A1,
17th Ave & 64th St at NE corner,40.6213060006264,-73.9914690005110,NB,
8th St & Avenue O at NE corner,40.6105720006932,-73.9816130001936,DM,
7th St & Highlawn Ave at SW corner,40.6032120011272,-73.9801989998946,A1,
8th St & Avenue T at SE corner,40.5985120010402,-73.9793350000225,DM,
123rd St & Jamaica Ave at NW corner,40.7008080010265,-73.8273899996738,A1,
95th St & Jamaica Ave at SW corner,40.6940770009090,-73.8504759997624,NB,
Marcy Ave & Broadway at SW corner,40.7082930011469,-73.9580440005732,DM,
Havemeyer St & Broadway at NE corner,40.7087880009481,-73.9588260002845,A1,
Marcy Ave & Broadway at SE corner,40.7082710009183,-73.9577489994716,NB,
Marcy Ave & Broadway at SW corner,40.7084030007070,-73.9581240002547,DM,
Havemeyer St & Broadway at SE corner,40.7086810004716,-73.9589269996410,A1,
Centre St & Canal St at SW corner,40.7178230010411,-74.0003259995300,NB,
Centre St & Chambers St at SE corner,40.7126990006606,-74.0040990001130,DM,
Lafayette St & Duane St at NE corner,40.7141990008689,-74.0031870000119,A1,
Fulton St & Nassau St at SW corner,40.7102410013367,-74.0080219998850,NB,
Fulton St & Nassau St at SE corner,40.7101060005857,-74.0076479996734,DM,
John St & Nassau St at SE corner,40.7093760012155,-74.0083749995920,A1,
Fulton St & Nassau St at NW corner,40.7103880004596,-74.0079349997190,NB,
Fulton St & Nassau St at NE corner,40.7102110007890,-74.0075840005365,DM,
John St & Nassau St at NE corner,40.7095070007392,-74.0082950002531,A1,
Broad St & Exchange Pl at SE corner,40.7061420008086,-74.0111279995988,NB,
Broad St & Exchange Pl at SE corner,40.7059610008181,-74.0112290002854,DM,
Broad St & Exchange Pl at SW corner (exit only),40.7060010011933,-74.0114970001731,A1,
Broad St & Exchange Pl at NW corner (exit only),40.7064390006391,-74.0112629998065,NB,
Broad St & Exchange Pl at SW corner (exit only),40.7057470008398,-74.0115539994331,DM,
6th Ave & 14th St at SE corner,40.7371970013364,-73.9967040002893,A1,
6th Ave & 14th St at SE corner,40.7371490006061,-73.9965780003214,NB,
Broadway & 14th St at SW corner,40.7347550008554,-73.9909909999751,DM,
Broadway & 14th St at SW corner,40.7348590013331,-73.9912350005178,A1,
3rd Ave & 14th St at NE corner,40.7331220005563,-73.9865479994713,DM,
3rd Ave & 14th St at NE corner,40.7332770004935,-73.9869309998181,A1,
1st Ave & 14th St at SE corner,40.7310500012023,-73.9826250005198,NB,
1st Ave & 14th St at SE corner,40.7311180009248,-73.9825629994417,DM,
Driggs Ave & N 7th St at SE corner,40.7168880010641,-73.9563670005213,A1,
Driggs Ave & N 7th St at NE corner,40.7169910011015,-73.9562569996017,NB,
Lorimer St & Metropolitan Ave at SE corner,40.7139080006619,-73.9492619999192,DM,
Lorimer St & Metropolitan Ave at NE corner,40.7142100012482,-73.9493130000467,A1,
Graham Ave & Metropolitan Ave at SE corner,40.7144390007430,-73.9441899994325,NB,
Graham Ave & Metropolitan Ave at NW corner,40.7144330006781,-73.9445460003106,DM,
Grand St & Bushwick Ave at NW corner,40.7117910006389,-73.9407419997449,A1,
Grand St & Bushwick Ave at NE corner,40.7120170005052,-73.9409759996999,NB,
Stanhope St & Wycoff Ave at NE corner,40.7034610009407,-73.9176059998004,DM,
Stanhope St & Wycoff Ave at NW corner,40.7035400010907,-73.9177710005061,A1,
Palmetto St & Wycoff Ave at NW corner,40.6998140008079,-73.9112950002732,NB,
Palmetto St & Wycoff Ave at NE corner,40.6994680006797,-73.9106479997761,DM,
Palmetto St & Wycoff Ave at SE corner,40.6998070013465,-73.9109990002118,A1,
Halsey St & Wycoff Ave at SW corner,40.6958710010246,-73.9051429996001,NB,
Halsey St & Wycoff Ave at SE corner,40.6959900007567,-73.9052649996169,DM,
Van Sinderen Ave & Livonia Ave at SW corner,40.6637490005178,-73.9004820004725,A1,
Broadway & Isham St at NW corner,40.8682840008038,-73.9196070004532,NB,
Broadway & 211th St at NE corner,40.8680360012199,-73.9192839995091,DM,
Broadway & Dyckman St at SE corner (exit only),40.8652960005702,-73.9274110004266,A1,
Broadway & Dyckman St at SE corner (exit only),40.8652480006033,-73.9272790002960,NB,
Broadway & Dyckman St at NE corner (exit only),40.8653420009600,-73.9269639995636,DM,
Broadway & Dyckman St at NE corner (exit only),40.8654460010943,-73.9270350004322,A1,
Fort Washington Ave & 181st St at SW corner,40.8507780012462,-73.9384720001484,DM,
Fort Washington Ave & 181st St at SE corner,40.8507170009141,-73.9382140004039,A1,
Fort Washington Ave & 181st St at SW corner,40.8508700013191,-73.9385369996557,NB,
Fort Washington Ave & 175th St at SW corner,40.8463520007111,-73.9402870004678,DM,
Fort Washington Ave & 175th St at SE corner,40.8464070012031,-73.9398610005452,A1,
Saint Nicholas Ave & 169th St at NW corner,40.8418600010813,-73.9395689997542,NB,
Saint Nicholas Ave & 169th St at NW corner,40.8419280005714,-73.9394550000907,DM,
Broadway & 169th St at NE corner,40.8417600010623,-73.9390670003313,A1,
Saint Nicholas Ave & 147th St at NW corner,40.8256220005081,-73.9437959997188,NB,
Saint Nicholas Ave & 147th St at NE corner,40.8255810008400,-73.9434439995379,DM,
Saint Nicholas Ave & 137th St at SW corner,40.8185580006961,-73.9475429994458,A1,
Edgecombe Ave & 135th St at NE corner,40.8171880007913,-73.9476650001422,NB,
Saint Nicholas Ave & 135th St at SW corner,40.8168920011793,-73.9478179996981,DM,
Saint Nicholas Ave & 135th St at SE corner,40.8168670004687,-73.9479529994900,A1,
Saint Nicholas Ave & 137th St at SE corner,40.8183540010651,-73.9472129996671,NB,
Saint Nicholas Ave & 127th St at SE corner,40.8118580006420,-73.9513510005574,DM,
Saint Nicholas Ave & 127th St at SW corner,40.8119900008677,-73.9517449999309,A1,
Frederick Douglass Blvd & 116th St at NE corner,40.8044280007711,-73.9550240005025,NB,
Frederick Douglass Blvd & 116th St at SE corner,40.8041720009799,-73.9551310003135,DM,
Frederick Douglass Blvd & Cathedral Pkwy at SW corner,40.8008660006844,-73.9584049994148,A1,
Central Park West & 97th St at SW corner,40.7922850010353,-73.9644229996614,NB,
Central Park West & 97th St at NW corner,40.7925910011878,-73.9643159994548,DM,
Central Park West & 88th St at NW corner,40.7867690007522,-73.9684479997323,A1,
Central Park West & 87th St at NW corner,40.7861150006719,-73.9690109994279,NB,
Central Park West & 77th St at NW corner,40.7808950005156,-73.9729179997464,DM,
Central Park West & 77th St at NW corner,40.7803190005693,-73.9731790002404,A1,
Central Park West & 70th St at SW corner,40.7749400012726,-73.9771439998887,DM,
Central Park West & 60th St at NE corner,40.7686490012428,-73.9811839999690,A1,
8th Ave & 50th St at SE corner,40.7620850013127,-73.9858289999567,NB,
8th Ave & 50th St at NE corner,40.7622160005137,-73.9857569996492,DM,
8th Ave & 44th St at SW corner,40.7585670010567,-73.9890530003753,A1,
8th Ave & 44th St at SE corner,40.7584010012725,-73.9886730004778,NB,
8th Ave & 44th St at NW corner,40.7586850008103,-73.9889899997058,DM,
8th Ave & 35th St at SE corner,40.7526890005621,-73.9927420003468,A1,
8th Ave & 35th St at NE corner,40.7527960012204,-73.9926689997691,NB,
8th Ave & 35th St at NE corner,40.7527660007095,-73.9925959999743,DM,
8th Ave & 35th St at SW corner,40.7528770008388,-73.9932440004351,A1,
8th Ave & 35th St at NW corner,40.7530530008561,-73.9932559994322,NB,
8th Ave & 35th St at NW corner,40.7530320006669,-73.9931880000569,DM,
8th Ave & 34th St at SW corner,40.7521780011265,-73.9937010003637,A1,
8th Ave & 34th St at NW corner,40.7524270005455,-73.9936790002157,NB,
8th Ave & 25th St at NW corner,40.7467320008578,-73.9977109996219,DM,
8th Ave & 25th St at SW corner,40.7466030005674,-73.9978009997236,A1,
8th Ave & 23rd St at SW corner,40.7452780007482,-73.9987710005159,NB,
8th Ave & 23rd St at NW corner,40.7455050007941,-73.9986420003595,DM,
8th Ave & 25th St at NE corner,40.7465350009953,-73.9972710005152,A1,
8th Ave & 25th St at NE corner,40.7464830008250,-73.9971420000466,NB,
8th Ave & 24th St at NW corner (exit only),40.7461100009596,-73.9981449996875,DM,
8th Ave & 24th St at SE corner (exit only),40.7458140011866,-73.9978519994620,A1,
8th Ave & 25th St at SE corner,40.7464270006024,-73.9973499994426,NB,
6th Ave & Waverly Pl at NE corner,40.7330670012659,-73.9997279997738,DM,
6th Ave & Waverly Pl at NE corner,40.7332590009779,-73.9996149998410,A1,
6th Ave & Waverly Pl at NW corner,40.7330720010481,-74.0001920000380,DM,
6th Ave & Spring St at NW corner,40.7255950008165,-74.0043259999925,A1,
6th Ave & Vandam St at SW corner,40.7262080011348,-74.0039899995329,NB,
6th Ave & Walker St at NE corner,40.7198700005279,-74.0050379999708,DM,
Church St & Chambers St at SW corner,40.7148730010868,-74.0081619998150,A1,
Church St & Chambers St at SE corner,40.7147770013418,-74.0079030002219,NB,
Church St & Chambers St at NW corner,40.7150990007914,-74.0079889996394,DM,
Church St & Chambers St at NE corner,40.7149920012222,-74.0077389997128,A1,
Church St & Murray St at NW corner,40.7139490009673,-74.0089599996890,NB,
Church St & Warren St at SW corner,40.7143130006249,-74.0085839995630,DM,
Church St & Warren St at NW corner,40.7145390006378,-74.0084280005216,A1,
Red Cross Pl & Adams St at SW corner,40.6991120007762,-73.9889200002651,NB,
Sands St & Adams St at SE corner,40.6992120007885,-73.9882739998659,DM,
Jay St & Metrotech Walk at SW corner,40.6932430009300,-73.9874019998368,A1,
Jay St & Metrotech Walk at SE corner,40.6934910008009,-73.9870890002047,NB,
Jay St & Metrotech Walk at SW corner,40.6931530007279,-73.9874079997551,DM,
Jay St & Metrotech Walk at SW corner,40.6931530009137,-73.9874839994311,A1,
Jay St & Metrotech Walk at SW corner,40.6932430005456,-73.9874809999493,NB,
Jay St & Willoughby St at NE corner,40.6923970010549,-73.9871619999766,DM,
Jay St & Willoughby St at NE corner,40.6923290011767,-73.9871669997547,A1,
Washington Ave & Fulton Ave at SE corner,40.6828680009648,-73.9646299997023,NB,
Washington Ave & Fulton Ave at NE corner,40.6831720011211,-73.9646889997519,DM,
Franklin Ave & Fulton St at NE corner,40.6812560011754,-73.9555899998370,A1,
Nostrand Ave & Fulton St at SE corner,40.6802280008811,-73.9494139998039,NB,
Nostrand Ave & Fulton St at SW corner,40.6802620012979,-73.9496349997696,DM,
Kingston Ave & Fulton St at SE corner,40.6798040010733,-73.9411189996013,A1,
Kingston Ave & Fulton St at SW corner,40.6797280010690,-73.9413619995885,DM,
Stuyvesant Ave & Fulton St at NW corner,40.6795300010166,-73.9320210000461,A1,
Stuyvesant Ave & Fulton St at SW corner,40.6793460012733,-73.9319869996726,NB,
Rockaway Ave & Fulton St at NE corner,40.6785130009721,-73.9107729997846,DM,
Rockaway Ave & Fulton St at NW corner,40.6784600005512,-73.9109710004318,A1,
77th St & Liberty Ave at SE corner,40.6792150009273,-73.8602910001671,NB,
77th St & Liberty Ave at NE corner,40.6793610011212,-73.8602840005439,DM,
97th St & Liberty Ave at NW corner,40.6806110005426,-73.8425369998794,A1,
97th St & Liberty Ave at SW corner,40.6807740010124,-73.8425580002427,NB,
109th St & Liberty Ave at SE corner,40.6839720010424,-73.8328159994321,DM,
109th St & Liberty Ave at NW corner,40.6841110007966,-73.8328890001359,A1,
116th St & Liberty Ave at SW corner,40.6857200005840,-73.8270920004828,NB,
116th St & Liberty Ave at NW corner,40.6858680012238,-73.8271070000334,DM,
99th Pl & Hawtree St at NE corner (exit only),40.6693390009802,-73.8347210005394,A1,
103rd St & 159th Ave at SE corner,40.6601600012903,-73.8303719997006,NB,
Perry Ave & 205th St at SE corner,40.8740210011796,-73.8775010005595,DM,
Perry Ave & 205th St at NW corner,40.8742620005152,-73.8775330000103,A1,
Grand Concourse & 203rd St at NW corner,40.8740840012210,-73.8871119997501,NB,
Grand Concourse & 203rd St at NE corner,40.8740250005153,-73.8864659998250,DM,
Grand Concourse & Kingsbridge Rd at NE corner,40.8661810006682,-73.8943060001049,A1,
Grand Concourse & Kingsbridge Rd at NW corner,40.8663690008452,-73.8945209996857,NB,
Grand Concourse & Kingsbridge Rd at NE corner,40.8661270009238,-73.8939819996125,DM,
Grand Concourse & Fordham Rd at SE corner,40.8622960006081,-73.8968850002215,A1,
Grand Concourse & Fordham Rd at NE corner,40.8626080010975,-73.8966619997232,NB,
Grand Concourse & 179th St at SW corner,40.8510520005390,-73.9050929995347,DM,
Grand Concourse & 179th St at NE corner,40.8511760013481,-73.9042629998110,A1,
Grand Concourse & 175th St at SW corner,40.8464610007852,-73.9097960001341,DM,
Grand Concourse & 175th St at NE corner,40.8463540005237,-73.9090469994714,A1,
Grand Concourse & 170th St at SW corner,40.8386180012127,-73.9141909998062,NB,
Grand Concourse & 170th St at NW corner,40.8389910007618,-73.9140370003849,DM,
Grand Concourse & 170th St at SE corner (exit only),40.8384210007689,-73.9136260003142,A1,
Grand Concourse & McClellan St at SW corner,40.8331110008935,-73.9193989996024,NB,
Walton Ave & 161st St at NW corner,40.8273720004704,-73.9242169998402,DM,
Walton Ave & 161st St at NW corner,40.8275720013271,-73.9240280000450,A1,
Walton Ave & 161st St at NW corner,40.8275390004778,-73.9241560001780,NB,
6th Ave & 48th St at SW corner,40.7586230005282,-73.9815659996737,DM,
6th Ave & 48-49th Sts at W corner,40.7589770004640,-73.9813519998533,A1,
6th Ave & 48-49th Sts at W corner,40.7591050008973,-73.9812520000608,NB,
6th Ave & 47th St at SE corner,40.7578010009203,-73.9817880004534,DM,
6th Ave & 47th St at SW corner,40.7580240007787,-73.9820790002876,A1,
6th Ave & 47th St at NE corner,40.7579810012037,-73.9815399995712,NB,
6th Ave & 47th St at SE corner,40.7578620008400,-73.9817349994851,DM,
6th Ave & 48th St at SE corner,40.7584860010459,-73.9811579999018,A1,
6th Ave & 48th St at NE corner,40.7586150006546,-73.9810949999635,NB,
6th Ave & 40th St at NW corner,40.7537090009435,-73.9850839998942,DM,
6th Ave & 42nd St at NW corner,40.7553330005232,-73.9839339997933,A1,
6th Ave & 42nd St at NW corner,40.7550080012307,-73.9842490003384,NB,
6th Ave & 42nd St at NE corner,40.7548320005406,-73.9836569998540,DM,
6th Ave & 40th St at SW corner,40.7534730009760,-73.9852590003307,A1,
6th Ave & 40th St at SE corner,40.7534080008624,-73.9848920003920,NB,
6th Ave & 40th St at NE corner,40.7535460010657,-73.9847789994743,DM,
Broadway & 35th St at SW corner,40.7506740013107,-73.9880310002110,A1,
6th Ave & 35th St at SE corner,40.7502710007422,-73.9870659995343,DM,
Broadway & 35th St at NW corner,40.7508800005664,-73.9880959998343,A1,
6th Ave & 35th St at NW corner,40.7506470011679,-73.9873459996580,NB,
6th Ave & 35th St at NE corner,40.7504040012993,-73.9869890005071,DM,
6th Ave & 23rd St at NW corner,40.7431210005311,-73.9930989999471,A1,
6th Ave & 23rd St at NW corner,40.7430660006376,-73.9929709994699,NB,
6th Ave & 23rd St at SW corner,40.7429770012747,-73.9931880004353,DM,
6th Ave & 23rd St at SW corner,40.7429220009400,-73.9930660005673,A1,
6th Ave & 16th St at NE corner,40.7386780006460,-73.9956320005308,NB,
6th Ave & 16th St at SE corner,40.7385290010837,-73.9956850005240,DM,
6th Ave & 16th St at NW corner,40.7388380007585,-73.9960230000249,A1,
6th Ave & 16th St at SW corner,40.7387180006838,-73.9961210001359,NB,
6th Ave & 14th St at NE corner,40.7372860004564,-73.9964370004090,DM,
6th Ave & 14th St at NE corner,40.7373160012404,-73.9965079996073,A1,
Crosby St & Houston St at NE corner,40.7253440004819,-73.9956120005330,NB,
2nd Ave & Houston St at NW corner,40.7239500012139,-73.9912980000493,DM,
Chrystie St & Houston St at SW corner,40.7236650008619,-73.9916510001717,A1,
Essex St & Delancey St at SW corner,40.7183720010631,-73.9884450003188,NB,
Essex St & Delancey St at SE corner,40.7182070012465,-73.9882730001973,DM,
Rutgers St & Broadway at SE corner,40.7139060009141,-73.9900139999897,A1,
Rutgers St & Broadway at NW corner,40.7141940012696,-73.9903520004953,NB,
Essex St & Canal St at NE corner,40.7144040009288,-73.9899180001990,DM,
Smith St & Bergen St at SW corner,40.6867080007296,-73.9906289999523,A1,
Smith St & Bergen St at NW corner,40.6868680009541,-73.9905259999112,NB,
Smith St & Warren St at NW corner,40.6855790008390,-73.9914649997589,DM,
Smith St & Warren St at NE corner,40.6854450007497,-73.9911310002860,A1,
Smith St & President St at SE corner,40.6808060006483,-73.9943499999489,DM,
Smith St & President St at NE corner,40.6809440011540,-73.9942469997407,A1,
Smith St & President St at NW corner,40.6811150008942,-73.9944339997724,NB,
Prospect Park West & Prospect Park Southwest at SE corner,40.6607050005288,-73.9795220005010,DM,
Prospect Park West & Prospect Park Southwest at NE corner,40.6607630008721,-73.9789920004944,A1,
Prospect Park West & 14th St at SE corner,40.6612870005153,-73.9793950002066,NB,
Prospect Park West & 14th St at SW corner,40.6614000012286,-73.9797619996326,DM,
Prospect Expwy & Fort Hamilton Pkwy at NW corner,40.6498540009123,-73.9758150004659,A1,
McDonald Ave & Albemarle Rd at SE corner,40.6450420006190,-73.9795730002075,NB,
McDonald Ave & Albemarle Rd at SW corner,40.6449080008414,-73.9800189998430,DM,
McDonald Ave & Cortelyou Rd at SW corner,40.6370930010246,-73.9784630003811,A1,
McDonald Ave & Cortelyou Rd at SE corner,40.6371070013454,-73.9782570004619,NB,
McDonald Ave & Parkville Ave at NW corner,40.6286740008884,-73.9768919997245,DM,
McDonald Ave & Parkville Ave at NE corner,40.6287080007317,-73.9766459999131,A1,
McDonald Ave & Avenue M at SW corner,40.6161210007544,-73.9745070005762,NB,
McDonald Ave & Avenue M at SE corner,40.6161600008378,-73.9742700002185,DM,
McDonald Ave & Avenue S at NW corner,40.6021970008699,-73.9726399999596,A1,
McDonald Ave & Avenue S at NE corner,40.6021780004588,-73.9723790003696,NB,
179th St & Hillside Ave at NE corner,40.7126400007213,-73.7844110005385,DM,
179th St & Hillside Ave at SE corner,40.7122950009815,-73.7842799996805,A1,
179th St & Hillside Ave at NE corner,40.7125750009730,-73.7846690002936,NB,
179th St & Hillside Ave at SW corner,40.7122400013101,-73.7844559998285,DM,
179th St & Hillside Ave at NW corner,40.7124830006815,-73.7850640002483,A1,
179th St & Hillside Ave at SW corner,40.7122420007193,-73.7849680005759,NB,
168th St & Hillside Ave at SW corner,40.7098120006790,-73.7947120001943,DM,
168th St & Hillside Ave at NW corner,40.7101540009522,-73.7949220004427,A1,
168th St & Hillside Ave at SE corner,40.7098520013050,-73.7945639999726,DM,
168th St & Hillside Ave at NE corner,40.7101840006383,-73.7947299995853,A1,
153rd St & Hillside Ave at SE corner,40.7070620010458,-73.8043320003632,NB,
153rd St & Hillside Ave at NE corner,40.7073580009237,-73.8044980004798,DM,
153rd St & Hillside Ave at SW corner,40.7070630008309,-73.8046199999623,A1,
144th St & Hillside Ave at NE corner,40.7053410007966,-73.8118599994406,NB,
144th St & Hillside Ave at SW corner,40.7049060006980,-73.8119560005206,DM,
Union Tpke & Queens Blvd at SE corner,40.7141450004607,-73.8308860001186,A1,
Union Tpke & Queens Blvd at SW corner,40.7150190012173,-73.8316200005556,NB,
Union Tpke & Queens Blvd at NW corner,40.7146730011733,-73.8321510000477,DM,
Union Tpke & Queens Blvd at NW corner,40.7149290010340,-73.8315010001880,A1,
70th Rd & Queens Blvd at NW corner,40.7222690013306,-73.8451530003985,NB,
71st & Queens Blvd at SW corner,40.7214090013249,-73.8446320005828,DM,
108th St & Queens Blvd at NW corner,40.7219160007185,-73.8443519997078,A1,
67th Dr & Queens Blvd at SW corner,40.7260300007077,-73.8521860005233,NB,
67th Dr & Queens Blvd at NW corner,40.7263670009165,-73.8515919999466,DM,
Horace Harding Expwy & Queens Blvd at NE corner,40.7331880013211,-73.8686050001064,A1,
73rd St & 37th Rd at NE corner,40.7472380006768,-73.8921459994949,NB,
73rd St & Broadway at SW corner,40.7470340011645,-73.8925549997447,DM,
54th St & Broadway at SW corner,40.7534280009403,-73.9068469995311,A1,
48th St & Newtown Rd at NE corner,40.7560290013211,-73.9121799999630,NB,
Court Street & Montague Street at SE corner,40.6935940011490,-73.9903040002986,DM,
Cadman Plaza West & Montague St at NE corner,40.6938380009728,-73.9901190001622,A1,
Court St & Montague St at SW corner,40.6935690012737,-73.9905989999392,NB,
Court St & Montague St at SW corner,40.6937280010467,-73.9906299997297,DM,
Hoyt St & Fulton St at SW corner,40.6903880009171,-73.9852990002248,A1,
Flatbush Ave & Livingston St at NW corner,40.6882350006756,-73.9806390004818,DM,
Flatbush Ave & Livingston St at NW corner,40.6880530006614,-73.9805059995907,A1,
Ashland Pl & Hanson Pl at SE corner,40.6849760011233,-73.9778799995804,NB,
Flatbush Ave & Bergen St at SE corner,40.6806950005638,-73.9747479997100,DM,
Flatbush Ave & Bergen St at NE corner,40.6809110010272,-73.9749599996910,A1,
Flatbush Ave & Plaza Street West at SW corner,40.6749500008922,-73.9709899994368,NB,
Flatbush Ave & Plaza Street East at SE corner,40.6751100006256,-73.9708220005885,DM,
Flatbush Ave & Plaza Street West at NW corner,40.6751420006114,-73.9712159999760,A1,
Flatbush Ave & Plaza Street East at SE corner,40.6752860007231,-73.9708249999951,NB,
Washington Ave & Eastern Pkwy at NW corner,40.6721220010574,-73.9641540005379,DM,
Washington Ave & Eastern Pkwy at SW corner,40.6717890010889,-73.9643009995606,A1,
Franklin Ave & Eastern Pkwy at SE corner,40.6704850010931,-73.9578060004688,NB,
Franklin Ave & Eastern Pkwy at NE corner,40.6707320009064,-73.9576959999786,DM,
Franklin Ave & Eastern Pkwy at SE corner,40.6703370012649,-73.9579730001400,A1,
Franklin Ave & Eastern Pkwy at NE corner,40.6709220013303,-73.9577639995014,NB,
Nostrand Ave & Eastern Pkwy at SE corner,40.6697110013406,-73.9502470005518,DM,
Nostrand Ave & Eastern Pkwy at SW corner,40.6697410012511,-73.9507979995208,A1,
Kingston Ave & Eastern Pkwy at SE corner,40.6692610010958,-73.9419480001095,NB,
Kingston Ave & Eastern Pkwy at SW corner,40.6692890011026,-73.9424629999372,DM,
Utica Ave & Eastern Pkwy at SE corner,40.6689350007837,-73.9318309994153,A1,
Utica Ave & Eastern Pkwy at SE corner,40.6687000013049,-73.9317019994826,NB,
Utica Ave & Eastern Pkwy at NW corner,40.6689600011136,-73.9316750002557,DM,
Utica Ave & Eastern Pkwy at SW corner,40.6687080007388,-73.9318830000832,A1,
Utica Ave & Eastern Pkwy at NW corner,40.6689690009160,-73.9318739995408,NB,
Rutland Rd & E. 98th St at NE corner,40.6648910005288,-73.9226749995091,DM,
Rutland Rd & E. 98th St at SW corner,40.6648870004761,-73.9231089997350,A1,
Rutland Rd & E. 98th St at NW corner,40.6651600007609,-73.9229700004414,DM,
Saratoga Ave & Livonia Ave at SE corner,40.6615580006238,-73.9152250004870,A1,
Saratoga Ave & Livonia Ave at NE corner,40.6616890008421,-73.9152400000502,NB,
Saratoga Ave & Livonia Ave at SW corner,40.6614010007161,-73.9155429997613,DM,
Rockaway Ave & Livonia Ave at SE corner,40.6624010009123,-73.9088089996486,A1,
Rockaway Ave & Livonia Ave at NW corner,40.6627030008520,-73.9090330004188,NB,
Powell St & Livonia Ave at SW corner,40.6634260013355,-73.9026360004360,DM,
Powell St & Livonia Ave at SW corner,40.6633610006518,-73.9030629998571,A1,
Pennsylvania Ave & Livonia Ave at NE corner,40.6648690007203,-73.8937789996235,NB,
Pennsylvania Ave & Livonia Ave at SW corner,40.6645750009696,-73.8941170000663,DM,
Van Siclen Ave & Livonia Ave at SE corner,40.6654310012489,-73.8883860005119,A1,
Van Siclen Ave & Livonia Ave at NW corner,40.6657400012171,-73.8886129998864,NB,
Ashford St & Livonia Ave at SW corner,40.6662850011004,-73.8832759995631,DM,
Ashford St & Livonia Ave at NW corner,40.6664130004651,-73.8833070003412,A1,
Nostrand Ave & President St at NW corner,40.6681660005617,-73.9508620003867,NB,
Nostrand Ave & President St at NE corner,40.6681450010627,-73.9504579994993,DM,
Nostrand Ave & Sterling St at NW corner,40.6632900009053,-73.9510440000821,A1,
Nostrand Ave & Sterling St at NE corner,40.6632260008287,-73.9506699994792,NB,
Nostrand Ave & Winthrop St at NE corner,40.6571840009918,-73.9499760002450,DM,
Nostrand Ave & Church Ave at SE corner,40.6507480008649,-73.9493840001686,A1,
Nostrand Ave & Church Ave at SE corner,40.6506400008729,-73.9494290004440,NB,
Nostrand Ave & Church Ave at NE corner,40.6509100009475,-73.9494160004339,DM,
Nostrand Ave & Beverly Rd at SE corner,40.6450460013251,-73.9486840000062,A1,
Nostrand Ave & Newkirk Ave at SE corner,40.6399240006221,-73.9481609995672,NB,
Nostrand Ave & Flatbush Ave at NE corner,40.6324630012867,-73.9475179999409,DM,
Nostrand Ave & Flatbush Ave at NE corner,40.6323590007778,-73.9473889994808,A1,
Nostrand Ave & Flatbush Ave at SE corner,40.6323240004807,-73.9474819998119,DM,
Nostrand Ave & Flatbush Ave at NE corner,40.6327500008031,-73.9473749998438,A1,
Nostrand Ave & Flatbush Ave at NE corner,40.6328680006103,-73.9475470004332,NB,
Burr Ave & Westchester Ave at NE corner,40.8523770007577,-73.8259860000344,DM,
,40.8528030007175,-73.8271950005505,A1,
,40.8530410005241,-73.8269910003513,NB,
Burr Ave & Westchester Ave at NE corner,40.8530120012994,-73.8271720005749,DM,
Burr Ave & Westchester Ave at SE corner,40.8528240008683,-73.8270349997613,A1,
Edison Ave & Buhre Ave at SW corner,40.8468910008300,-73.8326389997653,NB,
Edison Ave & Westchester Ave at SE corner,40.8467950007349,-73.8324049995448,DM,
Edison Ave & Westchester Ave at NE corner,40.8471850004684,-73.8322640004183,A1,
Westchester Ave & Middletown Rd at NW corner,40.8439350010481,-73.8363859995053,NB,
Westchester Ave & Middletown Rd at NE corner,40.8436090013186,-73.8364780003095,DM,
Westchester Ave & Ferris Pl at SW corner,40.8401280013493,-73.8428750005252,A1,
Westchester Ave & Zerega Ave at NW corner,40.8369540007165,-73.8466529996251,NB,
Westchester Ave & Zerega Ave at SE corner,40.8366130010131,-73.8467259998855,DM,
Castle Hill Ave & Westchester Ave at SW corner,40.8340930006840,-73.8518569998498,A1,
Castle Hill Ave & Westchester Ave at NE corner,40.8343210010256,-73.8514400002004,NB,
Metropolitan Ave & Westchester Ave at NW corner,40.8332250010502,-73.8608880003458,DM,
St Lawrence Ave & Westchester Ave at NE corner,40.8317650008217,-73.8670780001778,A1,
St Lawrence Ave & Westchester Ave at SW corner,40.8314660006439,-73.8674099995523,NB,
Morrison Ave & Westchester Ave at NW corner,40.8295170007548,-73.8748600000341,DM,
Morrison Ave & Westchester Ave at SW corner,40.8293710011000,-73.8747309997518,A1,
Morrison Ave & Westchester at NE corner,40.8296410012718,-73.8744469995861,NB,
Elder Ave & Westchester Ave at NE corner,40.8286880010010,-73.8790180001723,DM,
Elder Ave & Westchester Ave at SW corner,40.8284600010337,-73.8793620005504,A1,
Whitlock Ave & Westchester Ave at SW corner,40.8272980011037,-73.8862559999281,DM,
Whitlock Ave & Westchester Ave at SE corner,40.8272950008922,-73.8860820001014,A1,
Hunts Point Ave & 163rd St at SE corner,40.8205910011683,-73.8908360004029,NB,
Hunts Point Ave & 163rd St at SE corner,40.8208190006932,-73.8904419995505,DM,
Southern Blvd & Longwood Ave at SW corner,40.8162630006239,-73.8965060001860,A1,
Southern Blvd & Longwood Ave at NW corner,40.8165200012564,-73.8962239994943,NB,
Southern Blvd & 149th St at NW corner,40.8123310008799,-73.9041020000862,DM,
Southern Blvd & 149th St at NW corner,40.8123670008313,-73.9037969994594,A1,
Southern Blvd & St Mary's St at SW corner,40.8081790008995,-73.9080649995903,NB,
Southern Blvd & St Mary's St at NW corner,40.8083220011293,-73.9080020001508,DM,
Cypress Ave & 138th St at NE corner,40.8052340010546,-73.9133910003060,A1,
Cypress Ave & 138th St at NE corner,40.8051550013356,-73.9132080001047,NB,
Brook Ave & 138th St at NW corner,40.8077470011302,-73.9193469996151,DM,
Brook Ave & 138th St at NE corner,40.8075800012423,-73.9189570003839,A1,
Alexander Ave & 138th St at NW corner,40.8102820008238,-73.9253859997021,NB,
Alexander Ave & 138th St at SW corner,40.8101020011347,-73.9256409998016,DM,
Alexander Ave & 138th St at NW corner,40.8102410006156,-73.9252670005584,A1,
Alexander Ave & 138th St at SW corner,40.8100190007934,-73.9254380000873,NB,
Jerome Ave & Bainbridge Ave at SW corner,40.8868190007531,-73.8783760000822,DM,
Jerome Ave & Bainbridge Ave at SE corner,40.8867370007525,-73.8781199995225,A1,
Jerome Ave & Mosholu Pkwy at SW corner,40.8800770012167,-73.8844699996361,NB,
Jerome Ave & Mosholu Pkwy at SE corner,40.8798990004937,-73.8842439994490,DM,
Jerome Ave & Bedford Park Blvd at SW corner,40.8735280012713,-73.8897540004544,A1,
Jerome Ave & Kingsbridge Rd at NW corner,40.8676060011296,-73.8974179996494,NB,
Jerome Ave & Kingsbridge Rd at NE corner,40.8676200010882,-73.8971519999710,DM,
Jerome Ave & Kingsbridge Rd at NE corner,40.8677660011322,-73.8970389995029,A1,
Jerome Ave & Fordham Rd at SW corner,40.8625620004731,-73.9013669999730,DM,
Jerome Ave & Fordham Rd at SE corner,40.8625920006359,-73.9009699999381,A1,
Jerome Ave & Fordham Rd at NW corner,40.8628900006821,-73.9012620001123,NB,
Jerome Ave & Fordham Rd at NE corner,40.8628140013318,-73.9008150000540,DM,
Jerome Ave & 183rd St at SW corner,40.8582670004635,-73.9040989995138,A1,
Jerome Ave & 183rd St at NE corner,40.8584530010540,-73.9036899994233,NB,
Jerome Ave & 183rd St at NW corner,40.8584770011054,-73.9040879998356,DM,
Jerome Ave & Burnside Ave at SW corner,40.8533130011792,-73.9079769997416,A1,
Jerome Ave & Burnside Ave at SE corner,40.8531810008826,-73.9077819999688,NB,
Jerome Ave & Burnside Ave at SW corner,40.8536700005277,-73.9076539994561,DM,
Jerome Ave & Burnside Ave at SE corner,40.8535960005273,-73.9073929999315,A1,
Jerome Ave & 176th St at NW corner,40.8483850013258,-73.9120030004562,NB,
Jerome Ave & 176th St at SE corner,40.8485010008686,-73.9116330001387,DM,
Jerome Ave & Cross Bronx Expwy at SW corner,40.8447020004595,-73.9146500001434,A1,
Jerome Ave & Mt Eden Ave at NE corner,40.8443890006466,-73.9145780000388,NB,
Jerome Ave & 170th St at SW corner,40.8399600009731,-73.9180179996210,DM,
Jerome Ave & 170th St at SE corner,40.8398770011935,-73.9177910002492,A1,
Jerome Ave & 170th St at SE corner,40.8400760010257,-73.9176479997595,NB,
River Ave & 167th St at SE corner,40.8356000006833,-73.9211310002682,DM,
River Ave & 167th St at SW corner,40.8357460008823,-73.9215619998461,A1,
River Ave & 167th St at NW corner,40.8357260008107,-73.9210590004719,NB,
River Ave & 167th St at NE corner,40.8358730008234,-73.9214899995285,DM,
Grand Concourse & 149th St at SE corner,40.8182810009753,-73.9272509999565,A1,
Grand Conccourse & 149th St at SE corner,40.8184050010019,-73.9271010005337,NB,
Grand Concourse & East 138th Street at  corner,40.8133280013042,-73.9300039998537,DM,
Grand Concourse & East 138th Street at NE corner,40.8130910012951,-73.9296889998677,A1,
Grand Concourse & East 138th Street at  corner,40.8133630009724,-73.9298470003220,DM,
Lexington Avenue & 125th Street at NE corner,40.8044070011468,-73.9372340004733,A1,
Lexington Ave & 125th St at SW corner,40.8042510009876,-73.9376579998033,NB,
Lexington Ave & 125th St at SE corner,40.8041640013344,-73.9374439998100,DM,
Fort Washington Ave & 185th St at SE corner,40.8527590011979,-73.9366360001194,A1,
Fort Washington Ave & 181st St at SE corner,40.8507520012333,-73.9381300003328,NB,
Fort Washington Ave & 177th St at NE corner,40.8479460006751,-73.9393750002147,DM,
Fort Washington Ave & 177th St at SW corner,40.8478090008928,-73.9398069996071,A1,
Fort Washington Ave & 177th St at NW corner,40.8479440006608,-73.9396790002693,NB,
Fort Washington Ave & 177th St at NE corner,40.8478590004784,-73.9393030001601,DM,
Fort Washington Ave & 177th St at NW corner,40.8479920006384,-73.9395640004899,A1,
Saint Nicholas Ave & 168th St at SE corner,40.8407410005223,-73.9392520001386,NB,
Amsterdam Ave & 161st St at SE corner,40.8351920004583,-73.9401459994557,DM,
Saint Nicholas Ave & 161st St at NE corner,40.8352780007455,-73.9396249996988,A1,
Saint Nicholas Ave & 162nd St at SW corner,40.8359360011389,-73.9401369998478,NB,
Saint Nicholas Ave & 155th St at SW corner,40.8307440007289,-73.9415969999497,DM,
Saint Nicholas Ave & 155th St at SW corner,40.8308540007200,-73.9416380002792,A1,
Saint Nicholas Ave & 155th St at NW corner,40.8311060010474,-73.9415500000360,NB,
Saint Nicholas Ave & 155th St at NW corner,40.8311390005594,-73.9414470001775,DM,
Saint Nicholas Ave & 155th St at NE corner,40.8310310011160,-73.9411490000465,A1,
Saint Nicholas Ave & 155th St at NE corner,40.8309210004708,-73.9411000003576,NB,
Saint Nicholas Ave & 145th St at SE corner,40.8237910011019,-73.9447260001357,DM,
Saint Nicholas Ave & 145th St at SW corner,40.8239150009903,-73.9450269998399,A1,
Saint Nicholas Ave & 145th St at NW corner,40.8242440008609,-73.9449310001298,NB,
Saint Nicholas Ave & 145th St at NE corner,40.8240280006025,-73.9444090003184,DM,
Saint Nicholas Ave & 135th St at SW corner,40.8171250009146,-73.9482250005379,A1,
Saint Nicholas Ave & 125th St at NE corner,40.8108790008597,-73.9523180000557,DM,
Saint Nicholas Ave & 125th St at SE corner,40.8105260006719,-73.9525830000599,A1,
Saint Nicholas Ave & 125th St at NW corner,40.8110070011901,-73.9526150000366,NB,
Saint Nicholas Ave & 125th St at SW corner,40.8106360009290,-73.9528860004522,DM,
Frederick Douglass Blvd & 116th St at SW corner,40.8043120006420,-73.9556430000903,A1,
Frederick Douglass Blvd & 116th St at NW corner,40.8046390005793,-73.9555589996026,NB,
Frederick Douglass Blvd & 109th St at SW corner,40.8000020005540,-73.9588819994903,DM,
Frederick Douglass Blvd & 109th St at NE corner,40.8000020007137,-73.9584480000160,A1,
Central Park West & 103rd St at NW corner,40.7962630011757,-73.9616099996998,NB,
Central Park West & 96th St at SW corner,40.7916420007349,-73.9650089994215,DM,
Central Park West & 86th St at SW corner,40.7851950009075,-73.9695959998885,A1,
Central Park West & 86th St at SW corner,40.7852820013229,-73.9696619995139,NB,
Central Park West & 86th St at NW corner,40.7854800009903,-73.9694579996562,DM,
Central Park West & 81st St at SW corner,40.7819760012990,-73.9720269994913,A1,
Central Park West & 81st St at NW corner,40.7822540010508,-73.9717409996358,NB,
Central Park West & 72nd St at SW corner,40.7762170009024,-73.9762469999988,DM,
Central Park West & 72nd St at NW corner,40.7764310006787,-73.9759770005047,A1,
8th Ave & 57th St at NW corner,40.7669440009397,-73.9829409998018,NB,
8th Ave & 57th St at SE corner,40.7664880006154,-73.9827079998274,DM,
8th Ave & 58th St at NW corner,40.7676670009534,-73.9824080001702,A1,
8th Ave & 58th St at NW corner,40.7676770009932,-73.9825260000270,NB,
8th Ave & 58th St at NW corner,40.7676590005496,-73.9825420003264,DM,
8th Ave & 57th St at NE corner,40.7667250012677,-73.9825629994369,A1,
8th Ave & 58th St at NW corner,40.7676430008791,-73.9825629995242,NB,
8th Ave & 58th St at NW corner,40.7667450010745,-73.9834080003146,DM,
8th Ave & 58th St at NW corner,40.7664160009589,-73.9833009997827,A1,
8th Ave & 58th St at NE corner,40.7673670005797,-73.9821370002895,DM,
8th Ave & 49th St at NW corner,40.7619680009737,-73.9866620004549,A1,
8th Ave & 50th St at SW corner,40.7623120009427,-73.9863779994193,NB,
8th Ave & 50th St at NW corner,40.7624520010917,-73.9862989999119,DM,
8th Ave & 49th St at NW corner,40.7619680009737,-73.9866620004549,A1,
8th Ave & 50th St at SW corner,40.7623120009427,-73.9863779994193,NB,
8th Ave & 49th St at SW corner,40.7617410012360,-73.9869239995026,DM,
8th Ave & 49th St at SW corner,40.7616910006661,-73.9868050001020,A1,
8th Ave & 42nd St at NE corner,40.7572860007871,-73.9895819999805,NB,
8th Ave & 40th St at SW corner,40.7559890005378,-73.9910490001495,DM,
8th Ave & 40th St at SE corner,40.7558010012620,-73.9905759994506,A1,
8th Ave & 40th St at NW corner,40.7561010007756,-73.9908870001111,NB,
,40.7519960004725,-73.9933269997394,DM,
8th Ave & 34th St at SE corner,40.7520200012958,-73.9933520004676,A1,
8th Ave & 34th St at NE corner,40.7521610008044,-73.9931090001948,NB,
8th Ave & 23rd St at SE corner,40.7451020006932,-73.9983650005029,DM,
8th Ave & 23rd St at NE corner,40.7452990011856,-73.9981449997723,A1,
8th Ave & 16th St at SW corner,40.7409380012500,-74.0019190001080,NB,
8th Ave & 16th St at NW corner,40.7412350007179,-74.0017150000266,DM,
8th Ave & 16th St at SE corner,40.7409440006785,-74.0014020003857,A1,
8th Ave & 16th St at NE corner,40.7410460006950,-74.0012839998449,NB,
8th Ave & 14th St at NW corner,40.7399490010112,-74.0026549996230,DM,
,40.7310860004837,-74.0012089996604,A1,
6th Ave & West 3rd St at NW corner,40.7311330013482,-74.0015339997232,NB,
6th Ave & West 3rd St at NE corner,40.7310910009379,-74.0011270000823,DM,
6th Ave & Spring St at NE corner,40.7255830011197,-74.0037469994317,A1,
Lispenard St & West Broadway at NE corner,40.7207040011701,-74.0049989999965,DM,
6th Ave & West Broadway at NW corner,40.7207580010785,-74.0053990002592,A1,
St. John La & Laight St at SE corner,40.7216510008518,-74.0056339996830,NB,
Thompson St & Canal St at NE corner,40.7219670004549,-74.0051329997205,DM,
Church St & Murray St at SW corner,40.7137530008408,-74.0090460003009,A1,
Church St & Park Pl at NE corner,40.7133330010625,-74.0090329998698,NB,
Church St & Barclay St at SW corner,40.7126810005145,-74.0098910003881,DM,
Church St & Park Pl at SW corner,40.7132860009395,-74.0095109994939,A1,
Church St & Park Pl at SE corner,40.7130360012582,-74.0092450004036,NB,
Church St & Park Pl at NW corner,40.7134350010863,-74.0092919998665,DM,
Church St,40.7117930010974,-74.0101649998177,A1,
Church St,40.7117100011764,-74.0102039999379,NB,
Church St & Vesey St at NW corner,40.7122580005706,-74.0103060000161,DM,
Broadway & Fulton St at NE corner,40.7106920012996,-74.0084280004929,A1,
Broadway & Fulton St at SE corner,40.7105550004733,-74.0086319996818,NB,
Cadman Plaza West & Cranberry St at NW corner,40.6994050008977,-73.9914130002591,DM,
Jay St & Willoughby St at NW corner,40.6923350005497,-73.9874459998099,A1,
Jay St & Willoughby St at NW corner,40.6923930004618,-73.9874430004247,NB,
Jay St & Willoughby St at NW corner,40.6923360008426,-73.9874939995761,DM,
Jay St & Willoughby St at NW corner,40.6923940007560,-73.9874910002326,A1,
Hoyt St & Schermerhorn St at NE corner,40.6890850006175,-73.9859409994707,NB,
Bond St & Schermerhorn St at NW corner,40.6883960012755,-73.9842160001639,DM,
Oxford St & Fulton Ave at NE corner,40.6857890007902,-73.9727599995149,A1,
Oxford St & Fulton Ave at SW corner,40.6855590012091,-73.9728999998565,NB,
Oxford St & Fulton Ave at NE corner,40.6859690011313,-73.9730209998981,DM,
Oxford St & Fulton Ave at SW corner,40.6857000007917,-73.9735259997553,A1,
Oxford St & Fulton Ave at NE corner,40.6860770009335,-73.9733080002753,DM,
Portland Ave & Fulton Ave at SE corner,40.6860410004804,-73.9742779997117,A1,
Portland Ave & Fulton Ave at NE corner,40.6864090008969,-73.9743470003204,NB,
Portland Ave & Fulton Ave at SW corner,40.6861190012211,-73.9745169994679,DM,
Portland Ave & Fulton Ave at NW corner,40.6865530009493,-73.9746059994119,A1,
Clinton Ave & Fulton Ave at NE corner,40.6836530007004,-73.9667969998391,NB,
Clinton Ave & Fulton Ave at NW corner,40.6836950004926,-73.9670690002197,DM,
Nostrand Ave & Fulton St at NE corner,40.6805470011543,-73.9495149998259,A1,
Nostrand Ave & Fulton St at NW corner,40.6805720009543,-73.9497529996445,NB,
Throop Ave & Fulton St at NE corner,40.6800100008054,-73.9402469996352,DM,
Throop Ave & Fulton St at NW corner,40.6800570012063,-73.9404830002457,A1,
Utica Ave & Fulton St at SW corner,40.6790950011565,-73.9300440001180,NB,
Utica Ave & Fulton St at NW corner,40.6794870007325,-73.9297250004063,DM,
Ralph Ave & Fulton St at SE corner,40.6787020007748,-73.9215519996292,A1,
Ralph Ave & Fulton St at NE corner,40.6789840011894,-73.9214420004857,NB,
Ralph Ave & Mac Dougal St at NE corner,40.6791640011464,-73.9218700005683,DM,
Hopkinson Ave & Fulton St at NW corner,40.6785940013062,-73.9137319997851,A1,
Hopkinson Ave & Fulton St at SW corner,40.6783170006824,-73.9136510005098,NB,
Fulton St & Van Sinderen Ave at SW corner,40.6783340008474,-73.9039220005193,DM,
Pennsylvania Ave & Liberty Ave at SW corner,40.6742420010368,-73.8966449997588,A1,
Pennsylvania Ave & Liberty Ave at SE corner,40.6742680009699,-73.8963120003866,NB,
Pennsylvania Ave & Liberty Ave at NW corner,40.6744300013149,-73.8967759999472,DM,
180th St & Hillside Ave at NW corner,40.7129400009382,-73.7831789994927,A1,
180th St & Hillside Ave at SW corner,40.7126690010415,-73.7832740004325,NB,
180th St & Hillside Ave at NW corner,40.7128920005854,-73.7833629997439,DM,
179th Pl & Hillside Ave at SW corner,40.7125480006371,-73.7834270000399,A1,
169th St & Hillside Ave at SE corner,40.7105630008034,-73.7928530000840,DM,
169th St & Hillside Ave at NE corner,40.7109680004827,-73.7927609995956,A1,
169th St & Hillside Ave at SW corner,40.7104950008499,-73.7930219994756,NB,
169th St & Hillside Ave at NW corner,40.7108300008175,-73.7932480004630,DM,
Parsons Blvd & Hillside Ave at SW corner,40.7074730009182,-73.8027969999965,A1,
Parsons Blvd & Hillside Ave at NW corner,40.7078730009810,-73.8029989994871,NB,
Parsons Blvd & Hillside Ave at SE corner,40.7075630009215,-73.8026110004119,DM,
Sutphin Blvd & Hillside Ave at SE corner,40.7055910010802,-73.8094810005762,A1,
Sutphin Blvd & Hillside Ave at NE corner,40.7059450007912,-73.8094889998653,NB,
Sutphin Blvd & Hillside Ave at SW corner,40.7055380009044,-73.8097170003218,DM,
Van Wyck Blvd & Queens Blvd at SW corner,40.7080680012300,-73.8201109999204,A1,
Van Wyck Blvd & Queens Blvd at SE corner,40.7093160004519,-73.8197730003767,NB,
84th Rd & Queens Blvd at NE corner,40.7096810006708,-73.8196010004647,DM,
Union Tpke & Queens Blvd at SE corner,40.7140010008164,-73.8311659999206,A1,
80th Rd & Queens Blvd at SE corner,40.7136630012650,-73.8300109999448,NB,
Union Tpke & Queens Blvd at NE corner,40.7140730006859,-73.8299169999293,DM,
Union Tpke & Queens Blvd at SE corner,40.7139670011059,-73.8313030001481,A1,
75th Rd & Queens Blvd at SE corner,40.7178950007346,-73.8367430002511,NB,
75th & Queens Blvd at NW corner,40.7190610005121,-73.8379159999283,DM,
75th & Queens Blvd at SW corner,40.7185740008389,-73.8382569999958,A1,
71st & Queens Blvd at SE corner,40.7211000005862,-73.8440389997778,NB,
71st & Queens Blvd at NE corner,40.7214900012679,-73.8433889995826,DM,
67th Ave & Queens Blvd at SE corner,40.7265980010494,-73.8535340001159,A1,
67th Ave & Queens Blvd at NE corner,40.7270730007686,-73.8532260004560,NB,
63rd Rd & Queens Blvd at SW corner (exit only),40.7299530008566,-73.8626989996116,DM,
63rd Rd & Queens Blvd at NE corner,40.7292650005828,-73.8608139994333,A1,
Woodhaven Blvd & Queens Blvd at SE corner,40.7330410007626,-73.8703340001457,DM,
Woodhaven Blvd & Queens Blvd at SW corner,40.7333540010505,-73.8709829998929,A1,
59th Ave & Queens Blvd at NE corner,40.7335550009951,-73.8695879997731,NB,
54th St & Queens Blvd at SE corner,40.7358880006423,-73.8768860001618,DM,
54th St & Queens Blvd at NE corner,40.7362770010036,-73.8764240001686,A1,
54th St & Queens Blvd at SW corner,40.7360750004623,-73.8771669998173,NB,
Broadway & Queens Blvd at SE corner,40.7373540012354,-73.8771909999007,DM,
Broadway & Queens Blvd at SW corner,40.7374770004790,-73.8774239994230,A1,
Elmhurst Ave & Broadway at SE corner,40.7417290007359,-73.8811350001922,NB,
Elmhurst Ave & Broadway at NW corner,40.7420660013207,-73.8810389997952,DM,
Elmhurst Ave & Broadway at SW corner,40.7418610012710,-73.8814569998886,A1,
Britton Ave & Broadway at NW corner,40.7429370011896,-73.8827079995059,NB,
Britton Ave & Broadway at SW corner,40.7427910009956,-73.8830250001993,DM,
75th St & Roosevelt Ave at SW corner,40.7467840009039,-73.8909579994128,A1,
75th St & Broadway at NW corner,40.7465970005624,-73.8909549996329,NB,
65th St & Broadway at SE corner,40.7491450006023,-73.8974950000590,DM,
65th St & Broadway at NE corner,40.7493300009347,-73.8973820003291,A1,
54th St & Northern Blvd at NW corner,40.7530860012676,-73.9071189998389,NB,
46th St & Broadway at NW corner,40.7568680010791,-73.9143030001131,DM,
Steinway St & Broadway at SW corner,40.7581430004850,-73.9198419996172,A1,
Steinway St & Broadway at SE corner,40.7582790012380,-73.9194330000006,NB,
35th St & 38th Ave at NE corner,40.7522320006935,-73.9287749994705,DM,
35th St & 38th Ave at SW corner,40.7521980011353,-73.9292630003846,A1,
Jackson Ave & West St at SW corner,40.7487050006030,-73.9384710005075,NB,
Jackson Ave & Queens Blvd at SW corner,40.7490860006110,-73.9378959996062,DM,
Jackson Ave & Queens Blvd at SE corner,40.7486970008738,-73.9373640001587,A1,
Jackson Ave & Queens Blvd at NE corner,40.7488070005658,-73.9370569999323,DM,
Jackson Ave & West St at SE corner,40.7484660008922,-73.9382440002517,A1,
Hunter St & 44th Ave at SW corner,40.7473710012637,-73.9442870001131,NB,
21st St & 44th Ave at SE corner,40.7479540009766,-73.9472400003059,DM,
21st St & 44th Ave at NE corner,40.7481950006204,-73.9471629998112,A1,
Lexington Ave & 53rd St at NE corner,40.7583290013455,-73.9705669999402,NB,
Lexington Ave & 53rd St at SE corner,40.7581200006316,-73.9709579999535,DM,
5th Ave & 53rd St at SW corner,40.7604220012761,-73.9761460004438,A1,
5th Ave & 53rd St at NE corner,40.7603730012809,-73.9755619999270,NB,
5th Ave & 53rd St at SE corner,40.7602670009649,-73.9756380001987,DM,
Pennsylvania Ave & Liberty Ave at NE corner,40.6745670009838,-73.8963639995017,A1,
Van Siclen Ave & Pitkin Ave at SE corner,40.6724790009952,-73.8901639995812,NB,
Van Siclen Ave & Pitkin Ave at NE corner,40.6728500005148,-73.8902569997990,DM,
Van Siclen Ave & Pitkin Ave at SW corner,40.6725450005473,-73.8903810000268,A1,
Van Siclen Ave & Pitkin Ave at NW corner,40.6727710008357,-73.8905839998015,NB,
Shepherd Ave & Pitkin Ave at SE corner,40.6739700008989,-73.8806669997862,DM,
Shepherd Ave & Pitkin Ave at NE corner,40.6743030012152,-73.8807489997768,A1,
Shepherd Ave & Pitkin Ave at SW corner,40.6742340007451,-73.8809269997283,NB,
Shepherd Ave & Pitkin Ave at NW corner,40.6739890013015,-73.8808689995121,DM,
Pitkin,40.6755540005586,-73.8718749996907,A1,
Euclid Ave & Pitkin Ave at SE corner,40.6753010010605,-73.8718010001730,NB,
Euclid Ave & Pitkin Ave at NE corner,40.6755330009305,-73.8717420004912,DM,
Euclid Ave & Pitkin Ave at SW corner,40.6752740009395,-73.8721149995723,A1,
Euclid Ave & Pitkin Ave at NW corner,40.6754780007233,-73.8721089996386,NB,
Grant Ave & Pitkin Ave at NE corner,40.6767350006812,-73.8654910002462,DM,
80th St & Liberty Ave at SE corner,40.6793710012737,-73.8580239994801,A1,
80th St & Liberty Ave at NE corner,40.6794980012147,-73.8580489996093,DM,
88th St & Liberty Ave at SE corner,40.6798280006536,-73.8504009997398,A1,
88th St & Liberty Ave at NE corner,40.6799730010783,-73.8504129998988,NB,
94th St & Liberty Ave at SW corner,40.6801580011222,-73.8451309995000,DM,
94th St & Liberty Ave at NW corner,40.6803050011707,-73.8451589996666,A1,
104th St & Liberty Ave at SE corner,40.6819940013497,-73.8367420002312,NB,
104th St & Liberty Ave at NE corner,40.6821200006566,-73.8368359997765,DM,
111th St & Liberty Ave at SE corner,40.6847320007963,-73.8308979996814,A1,
111th St & Liberty Ave at NE corner,40.6848740007654,-73.8309429998229,NB,
Lefferts Blvd & Liberty Ave at SW corner,40.6861030009764,-73.8243140005856,DM,
Lefferts Blvd & Liberty Ave at NW corner,40.6862340011988,-73.8243779998101,A1,
Cohancy St & North Conduit Ave at NE corner,40.6670180012519,-73.8334800002526,NB,
103rd St & 159th Ave at NE corner,40.6604650004657,-73.8305179994171,DM,
103rd St & 159th Ave at NE corner,40.6604860011155,-73.8304529998002,A1,
103rd St & 159th Ave at SE corner,40.6603720004510,-73.8303689998006,NB,
West Rd & Noel Rd at NE corner,40.6080070011631,-73.8159669997795,DM,
Beach 89th St & Rockaway Frwy at NW corner,40.5880800009257,-73.8139070005153,A1,
Beach 89th St & Rockaway Frwy at SW corner,40.5879290013033,-73.8137549996137,NB,
Beach 90th St & Rockaway Frwy at NE corner,40.5879990008925,-73.8141170005785,DM,
Beach 90th St & Rockaway Frwy at SE corner,40.5878140007953,-73.8140370004058,A1,
Beach 98th St & Rockaway Frwy at NW corner,40.5855400011073,-73.8203449994862,NB,
Beach 98th St & Rockaway Frwy at SW corner,40.5853420010238,-73.8202489995547,DM,
Beach 98th St & Rockaway Frwy at SW corner,40.5852080005984,-73.8205949998981,A1,
Beach 106th St & Rockaway Frwy at NW corner,40.5831870005348,-73.8273879997360,NB,
Beach 106th St & Rockaway Frwy at SW corner,40.5833690007275,-73.8274740003527,DM,
Beach 106th St & Rockaway Frwy at SW corner,40.5832480006760,-73.8271629994253,A1,
Beach 106th St & Rockaway Frwy at NW corner,40.5834350013081,-73.8272320003987,DM,
Beach 116th St & Wainwright Ct at NE corner,40.5805100006133,-73.8374179997085,A1,
Beach 67th St & Rockaway Frwy at NW corner,40.5907440004642,-73.7977889999618,NB,
Beach 67th St & Rockaway Frwy at SW corner,40.5909010011050,-73.7966090001696,DM,
Beach 67th St & Rockaway Frwy at NW corner,40.5911230004697,-73.7964599999471,A1,
Beach 67th St & Rockaway Frwy at SW corner,40.5909510009878,-73.7961760004175,NB,
Beach 60th St & Rockaway Frwy at SE corner,40.5922690005923,-73.7895779999504,DM,
Beach 59th Sr & Rockaway Frwy at NW corner,40.5924900005505,-73.7891609997925,A1,
Beach 59th Sr & Rockaway Frwy at SW corner,40.5922920008290,-73.7891530002004,NB,
Beach 60th St & Rockaway Frwy at NE corner,40.5924780010799,-73.7894099998167,DM,
Beach 44th St & Edgemere Ave at NW corner,40.5931060007660,-73.7757429997311,A1,
Beach 45th St & Edgemere Ave at SW corner,40.5928600009973,-73.7761089997547,NB,
Beach 45th St & Edgemere Ave at NE corner,40.5930790004491,-73.7759850000014,DM,
Beach 44th St & Edgemere Ave at SW corner,40.5928970007126,-73.7757150002109,A1,
Beach 35th & Rockaway Frwy at NW corner,40.5956170010422,-73.7680319996012,NB,
Beach 36th & Edgemere Ave at SE corner,40.5952970008924,-73.7682060005852,DM,
Beach 36th & Edgemere Ave at NE corner,40.5954450010618,-73.7683129995973,A1,
Beach 35th & Rockaway Frwy at SW corner,40.5954690011008,-73.7679189995819,NB,
Beach 25th St & Rockaway Frwy at NW corner,40.5997080012843,-73.7619590004272,DM,
Beach 25th St & Rockaway Frwy at SW corner,40.5994270006065,-73.7618069999922,A1,
Beach 25th St & Rockaway Frwy at SW corner,40.5996700012836,-73.7615960004330,NB,
Beach 22nd St & Mott Ave at SW corner,40.6046570013209,-73.7541780002200,DM,
Bainbridge Ave & 205th St at SE corner,40.8749020012150,-73.8792670001175,A1,
Bainbridge Ave & 205th St at NE corner,40.8750870011172,-73.8796099998134,NB,
Grand Concourse & Bedofrd Park Blvd at NE corner,40.8721350008618,-73.8874590002515,DM,
Grand Concourse & Bedford Park Blvd at SE corner,40.8721980006756,-73.8877880002506,A1,
Grand Concourse & Bedford Park Blvd at NW corner,40.8724680009190,-73.8878939996040,DM,
Grand Concourse & 196th St at NW corner,40.8681140006389,-73.8931950002813,A1,
Grand Concourse & 196th St at SE corner,40.8676880009255,-73.8927390005331,NB,
Grand Concourse & 188th St at SW corner,40.8614010011708,-73.8980980005003,DM,
Grand Concourse & 188th St at SE corner,40.8611470004981,-73.8974239997790,A1,
Grand Concourse & 188th St at NW corner,40.8615920010411,-73.8980189999248,NB,
Grand Concourse & 188th St at NE corner,40.8613220007943,-73.8973549996353,DM,
Grand Concourse & 182nd St at SW corner,40.8560380008167,-73.9011400004505,A1,
Grand Concourse & 182nd St at SE corner,40.8558640012986,-73.9004839996274,NB,
Grand Concourse & 182nd St at NW corner,40.8562370005725,-73.9011150003408,DM,
Grand Concourse & 182nd St at NE corner,40.8560390005021,-73.9004490000353,A1,
Grand Concourse & Echo Pl at SW corner,40.8498640007812,-73.9060839999465,NB,
Grand Concourse & Echo Pl at NW corner,40.8501240008161,-73.9058410001763,DM,
Grand Concourse & Echo Pl at NE corner,40.8499680011087,-73.9052260003954,A1,
Grand Concourse & 174th St at NW corner,40.8449330004510,-73.9112120002320,NB,
Grand Concourse & 174th St at NE corner,40.8449390013105,-73.9108849996506,DM,
Grand Concourse & 171st St at NE corner,40.8397510012532,-73.9127429998338,A1,
Grand Concourse & 171st St at NW corner,40.8400970006303,-73.9133329994942,NB,
Grand Concourse & 167th St at SW corner,40.8344660012660,-73.9181550002577,DM,
Grand Concourse & 167th St at SE corner,40.8342860005096,-73.9175620004401,A1,
Grand Concourse & 167th St at NW corner,40.8347880007017,-73.9178380000461,NB,
Grand Concourse & 167th St at NE corner,40.8346090005771,-73.9172450005263,DM,
River Ave & 161st St at NE corner,40.8278400009108,-73.9257150003287,A1,
River Ave & 161st St at SE corner,40.8274880011475,-73.9260039994422,NB,
River Ave & 161st St at SW corner,40.8274710006932,-73.9262500003351,DM,
River Ave & 161st St at SW corner,40.8275450006171,-73.9262019998165,A1,
River Ave & 161st St at NE corner,40.8280110005495,-73.9255879995465,DM,
Frederick Douglass Blvd & 156th St at NW corner,40.8303130010423,-73.9366870001822,A1,
21st St & 41st Ave at NW corner,40.7543220009937,-73.9423739999176,NB,
21st St & 41st Ave at NW corner,40.7541310009898,-73.9424909997575,DM,
21st St & 41st Ave at NW corner,40.7541950004898,-73.9425210001696,A1,
21st St & 41st Ave at NE corner,40.7540690005890,-73.9421320000230,NB,
21st St & 41st Ave at NE corner,40.7542550008481,-73.9419350003622,DM,
West Rd & Unnamed St at SE corner,40.7590160010308,-73.9535049998258,A1,
Lexington Ave & 63rd St at NW corner,40.7648840005283,-73.9665139998297,NB,
Lexington Ave & 63rd St at NW corner,40.7648740005901,-73.9664309995128,DM,
Lexington Ave & 63rd St at NW corner,40.7648810006829,-73.9664110002741,A1,
Lexington Ave & 63rd St at SW corner,40.7647210005155,-73.9665520004654,NB,
Lexington Ave & 63rd St at NW corner,40.7648660005908,-73.9664219999700,DM,
6th Ave & 56th St at NE corner,40.7638740008207,-73.9773579996401,A1,
6th Ave & 57th St at SW corner,40.7642270008706,-73.9774299999223,NB,
6th Ave & 57th St at SE corner,40.7639980006435,-73.9772640003327,DM,
6th Ave & 57th St at NW corner,40.7646520008748,-73.9771190002511,A1,
6th Ave & 57th St at NE corner,40.7645640007879,-73.9768299995172,NB,
6th Ave & 56th St at SW corner,40.7634820010845,-73.9779740003792,DM,
6th Ave & 56th St at SE corner,40.7633920009755,-73.9776740005325,A1,
6th Ave & 56th St at NW corner,40.7638310007948,-73.9777180000520,NB,
6th Ave & 49th St at NW corner,40.7594340006198,-73.9810010003581,DM,
6th Ave & 50th St at SW corner,40.7598960005663,-73.9807060004179,A1,
6th Ave & 51st St at SW corner,40.7605020006616,-73.9802179997736,NB,
6th Ave & 50th St at NE corner,40.7599530005170,-73.9801170002853,DM,
6th Ave & 50th St at NW corner,40.7601250009734,-73.9804990004316,A1,
6th Ave & 49th St at NE corner,40.7593010011649,-73.9805939998758,DM,
6th Ave & 49th St at NW corner,40.7594140006082,-73.9810349994135,A1,
6th Ave & 49th St at SE corner,40.7589960011897,-73.9807880002575,NB,
6th Ave & 42nd St at SW corner,40.7548490005406,-73.9846269997551,DM,
6th Ave & 42nd St at SE corner,40.7546090012537,-73.9838939996896,A1,
,40.7496150006241,-73.9881589996521,NB,
Broadway & 34th St at SW corner,40.7498450004865,-73.9882539995431,DM,
Broadway & 34th St at NW corner,40.7500880004550,-73.9881419994332,A1,
6th Ave & 23rd St at SE corner,40.7426590005335,-73.9924890002558,NB,
6th Ave & 23rd St at SE corner,40.7427150005285,-73.9926169994425,DM,
6th Ave & 23rd St at NE corner,40.7428800013422,-73.9925059997654,A1,
6th Ave & 23rd St at NE corner,40.7428250011186,-73.9923830001770,NB,
6th Ave & 14th St at SW corner,40.7374230009292,-73.9972200003730,DM,
6th Ave & 14th St at NW corner,40.7375720007301,-73.9971109998755,A1,
6th Ave & 14th St at NW corner,40.7375190013364,-73.9969700005170,NB,
6th Ave & 14th St at SW corner,40.7373700007674,-73.9970790000593,DM,
Broadway & Houston St at NE corner,40.7252020005975,-73.9965830004453,A1,
Broadway & Houston St at SE corner,40.7254990005155,-73.9963870003185,NB,
Chrystie St & Grand St at NE corner,40.7181550008110,-73.9934520001331,DM,
Chrystie St & Grand St at NE corner,40.7181910012350,-73.9935769996968,A1,
Chrystie St & Grand St at NW corner,40.7182650007759,-73.9938770001033,NB,
Allen St & Houston St at SW corner,40.7228070004941,-73.9889419999351,DM,
1st Ave & Houston St at NW corner,40.7232000012804,-73.9888629997116,A1,
Essex St & Delancey St at NW corner,40.7187810010929,-73.9882330005390,NB,
Essex St & Delancey St at NE corner,40.7187780012888,-73.9879609999345,DM,
Rutgers St & Madison Ave at NW corner,40.7127270009560,-73.9901260001267,A1,
Jay St & York St at SW corner,40.7013800008566,-73.9866550000444,DM,
Smith St & Bergen St at SE corner,40.6865840004657,-73.9903620001479,A1,
Smith St & Bergen St at NE corner,40.6867270005035,-73.9902689995159,NB,
Smith St & 2nd St at NW corner,40.6792990004734,-73.9956980000232,DM,
Smith St & 2nd St at SE corner,40.6793440011292,-73.9952879999110,A1,
Smith St & 9th St at NE corner,40.6747250012467,-73.9975049998023,NB,
4th Ave & 10th St at NW corner,40.6699530011755,-73.9894419999041,DM,
4th Ave & 10th St at NW corner,40.6700100011440,-73.9892479998266,A1,
8th Ave & 9th St at NE corner,40.6658350006299,-73.9790069998167,NB,
8th Ave & 9th St at SE corner,40.6654940009740,-73.9792780004924,DM,
8th Ave & 9th St at SW corner,40.6655930009487,-73.9795090001934,A1,
8th Ave & 9th St at NW corner,40.6659930007487,-73.9791810000615,NB,
7th Ave & 9th St at SE corner,40.6666490005668,-73.9816239996572,DM,
7th Ave & 9th St at NE corner,40.6670040006510,-73.9813309995109,A1,
7th Ave & 9th St at SW corner,40.6667510011067,-73.9818510004648,NB,
7th Ave & 9th St at NW corner,40.6671120010067,-73.9817160004271,DM,
Howard Pl & Windsor Pl at NE corner,40.6594360007049,-73.9799510004057,A1,
Prospect Park West & 16th St at NE corner,40.6601980007983,-73.9797869995472,NB,
Prospect Ave & Greenwood Ave at NE corner,40.6518340007442,-73.9760759998525,DM,
Prospect Ave & Greenwood Ave at NW corner,40.6516080006103,-73.9755959995519,A1,
Prospect Ave & Reeve Pl at SE corner,40.6526650012191,-73.9759009996937,NB,
McDonald Ave & Church Ave at SW corner,40.6425710005369,-73.9795789997158,DM,
McDonald Ave & Church Ave at SE corner,40.6426920010213,-73.9792600002316,A1,
McDonald Ave & Church Ave at NE corner,40.6431470008305,-73.9793419998455,NB,
McDonald Ave & Church Ave at NW corner,40.6430060012385,-73.9796600002126,DM,
McDonald Ave & Ditmas Ave at SW corner,40.6354340008280,-73.9782890004988,A1,
McDonald Ave & Ditmas Ave at SE corner,40.6353890007161,-73.9779139994935,DM,
LIRR Bay Ridge Divide & Wilson Ave at NW corner,40.6888050005791,-73.9047410002648,A1,
De Sales Pl & Bushwick Ave at NW corner,40.6823000010085,-73.9051489996015,NB,
Snediker Ave & New York Ave at SW corner,40.6753800010592,-73.9026119998197,DM,
Snediker Ave & New York Ave at SW corner,40.6756090008432,-73.9027670005480,A1,
Snediker Ave & New York Ave at SW corner,40.6756070006199,-73.9026719998267,NB,
LIRR Bay Ridge Divide & Sutter Ave at NW corner,40.6685270006498,-73.9017650001836,DM,
Van Sinderen Ave & Livonia Ave at SW corner,40.6637420011791,-73.9005219996685,A1,
Van Sinderen Ave & New Lots Ave at SW corner,40.6590410012850,-73.8994090004798,NB,
Turnbull Ave & E 105th St at SE corner,40.6514620004733,-73.8991909995593,DM,
Turnbull Ave & E 105th St at SE corner,40.6512780005630,-73.8988620004094,A1,
Glenwood Rd & Rockaway Pkwy at NW corner,40.6455600008343,-73.9025239995025,NB,
Glenwood Rd & Rockaway Pkwy at NW corner,40.6455600008343,-73.9025239995025,DM,
Glenwood Rd & E 98th St at NW corner,40.6458060011384,-73.9014140001844,A1,
Franklin Ave & Fulton St at SW corner,40.6810510007521,-73.9558399998039,NB,
Franklin Ave & Park Pl at NW corner,40.6745160011941,-73.9579320002093,DM,
Franklin Ave & Park Pl at NW corner,40.6752080010349,-73.9575909996094,A1,
Franklin Ave & Eastern Pkwy at SW corner,40.6705880013043,-73.9590929997677,NB,
Broadway & 207th St at NW corner,40.8678920008084,-73.9212340004681,DM,
Broadway & 207th St at SW corner,40.8677990011164,-73.9214310001439,A1,
Broadway & 207th St at SE corner,40.8675120013127,-73.9213299999883,NB,
Broadway & 207th St at SW corner,40.8676530006765,-73.9209490000103,DM,
Broadway & Dyckman St at NW corner,40.8657580008618,-73.9272659997020,A1,
Broadway & Dyckman St at NW corner,40.8657440010929,-73.9271719994815,NB,
Broadway & Dyckman St at SW corner,40.8653620007642,-73.9280589996061,DM,
Fort Washington Ave & 192nd St at NW corner,40.8588990010425,-73.9327019997458,A1,
Fort Washington Ave & Margaret Corbin Dr at SE corner,40.8588860006622,-73.9342259997364,DM,
Hudson Blvd East between 33rd St & 34th St (north entrance),40.7549749344312,-74.0009235298982,A1,
Hudson Blvd East between 33rd St & 34th St (south entrance),40.7548982550221,-74.0009815850290,NB,
46th St & Broadway at SW corner,40.7566240008812,-73.9144069998736,DM,
48th St & Broadway at SE corner,40.7558130007201,-73.9126419994551,A1,
Steinway St & 34th Ave at SW corner,40.7565830005620,-73.9211079999377,NB,
Steinway St & 34th Ave at NE corner,40.7566730009065,-73.9206220003266,DM,
34th St & Northern Blvd at SW corner,40.7518680009112,-73.9305849996970,A1,
36th St & Northern Blvd at NE corner,40.7522380005705,-73.9276619997342,NB,
36th St & Northern Blvd at SE corner,40.7519300008202,-73.9271410001657,DM,
Northern Blvd & 41st Ave at SE corner,40.7495770011280,-73.9360940000510,A1,
Northern Blvd & 41st Ave at NW corner,40.7498570009587,-73.9361979999735,NB,
23rd St & 44th Ave at NE corner (exit only),40.7477060009600,-73.9446260005667,DM,
Lexington Ave & 52nd St at NE corner,40.7577840007010,-73.9710979996641,A1,
Lexington Avenue & 52nd Street at NE corner,40.7578040008914,-73.9711410003472,NB,
Madison Ave & 53rd St at NE corner,40.7597210012987,-73.9738579995405,DM,
Madison Ave & 53rd St at SE corner,40.7595560006490,-73.9740679995088,A1,
Broadway & 53rd St at SE corner,40.7631410008856,-73.9826660004725,NB,
Broadway & 53rd St at NE corner,40.7633880004548,-73.9824949999779,DM,
153rd St & Archer Ave at NE corner,40.7022340008363,-73.8018589998166,A1,
153rd St & Archer Ave at SW corner,40.7018740012463,-73.8017470004936,NB,
158th St & Archer Ave at SW corner,40.7016400004984,-73.8024779999742,DM,
Manhattan Ave & India St at SE corner,40.7322580008990,-73.9543789999108,A1,
Manhattan Ave & India St at SW corner,40.7322160006387,-73.9547840005163,NB,
Manhattan Ave & Norman Ave at NW corner,40.7254460005604,-73.9519740000514,DM,
Manhattan Ave & Norman Ave at NE corner,40.7255730007166,-73.9516030004786,A1,
Union Ave & Metropolitan Ave at NE corner,40.7137470012675,-73.9517680005879,DM,
Union Ave & Metropolitan Ave at SE corner,40.7137440006782,-73.9514549998218,A1,
Union Ave & Flushing Ave at NE corner,40.6999850007492,-73.9498950000837,NB,
Marcy Ave & Myrtle Ave at NE corner,40.6955000007568,-73.9489599997087,DM,
Bedford Ave & Lafayette Ave at NE corner,40.6895430012187,-73.9549979997005,A1,
Bedford Ave & Lafayette Ave at SE corner,40.6893670005446,-73.9549569999717,NB,
Bedford Ave & Lafayette Ave at NW corner,40.6895000013010,-73.9553529994280,DM,
Bedford Ave & Lafayette Ave at SW corner,40.6893300005020,-73.9553179998157,A1,
Broadway & 238th St at NE corner (exit only),40.8848680011712,-73.9005979996872,NB,
Broadway & 231st St at SE corner,40.8786940005463,-73.9048209998751,DM,
Broadway & 231st St at NE corner,40.8790910006922,-73.9045379996289,A1,
Broadway & 225th St at SE corner,40.8743080007227,-73.9097949994377,NB,
10th Ave & 215th St at SE corner,40.8693150004609,-73.9152159995194,DM,
10th Ave & 207th St at SE corner,40.8642300011122,-73.9189509998838,A1,
Broadway & 168th St at SW corner,40.8408590005470,-73.9402090003601,NB,
,40.8410240009872,-73.9400830003652,DM,
Broadway & 157th St at SE corner,40.8338600011171,-73.9446199998560,A1,
Broadway & 157th St at SE corner,40.8338320009982,-73.9447529997312,NB,
Broadway & 145th St at SW corner,40.8261990007181,-73.9503919997415,DM,
Broadway & 145th St at NW corner,40.8265130006623,-73.9501619996867,A1,
Broadway & 137th St at NE corner,40.8214540010955,-73.9538559995190,NB,
Broadway & 137th St at NE corner,40.8213910007698,-73.9539059996639,DM,
Broadway & 115th St at SE corner (exit only),40.8075350005637,-73.9640129996468,A1,
Broadway & Cathedral Pkwy at SE corner,40.8039260007514,-73.9666469998960,NB,
Broadway & Cathedral Pkwy at NE corner,40.8042570010588,-73.9664220001606,DM,
Broadway & 95th St at N corner,40.7943290013071,-73.9720419994901,A1,
Broadway & 86th St at SE corner,40.7880730012744,-73.9762880004339,DM,
Broadway & 86th St at NE corner,40.7882720011244,-73.9760829995683,A1,
Broadway & 79th St at SE corner,40.7836200007113,-73.9799100000853,NB,
Broadway & 79th St at NE corner,40.7839850006954,-73.9796620001995,DM,
Broadway & 72nd St at SE corner,40.7785850006400,-73.9819229994949,A1,
Broadway & 66th St at SE corner,40.7735360013263,-73.9820060003057,NB,
Broadway & 66th St at SE corner,40.7734570007971,-73.9820039996731,DM,
Broadway & 66th St at SE corner,40.7736820012600,-73.9820149999732,A1,
Broadway & 60th St at SW corner,40.7687770007141,-73.9821059996201,NB,
Columbus Circle & 59th St at SE corner,40.7692270005736,-73.9824000005264,DM,
Columbus Circle & 59th St at SE corner,40.7693650006031,-73.9823919998202,A1,
Broadway & 50th St at SW corner,40.7614320009168,-73.9843700002278,NB,
Broadway & 50th St at NW corner,40.7615610010939,-73.9841540002931,DM,
7th Ave & 40th St at SW corner,40.7546910012626,-73.9880670001110,A1,
7th Ave & 40th St at SE corner,40.7545680013356,-73.9878269994692,NB,
7th Ave & 41st St at NW corner,40.7555540011035,-73.9876789998825,DM,
Broadway & 42nd St at SE corner,40.7555750013308,-73.9863110000063,A1,
7th Ave & 32nd St at NE corner,40.7496560012186,-73.9911300003529,NB,
7th Ave & 33rd St at SE corner,40.7500770013005,-73.9908199997523,DM,
7th Ave & 33rd St at NE corner,40.7502830008749,-73.9906499994932,A1,
7th Ave & 33rd St at NE corner,40.7503130004993,-73.9908539997490,NB,
7th Ave & 33rd St at NW corner,40.7504760006249,-73.9912540004569,DM,
7th Ave & 34th St at SW corner,40.7509820006943,-73.9908990004618,A1,
7th Ave & 34th St at NW corner,40.7511870012682,-73.9907910002965,NB,
7th Ave & 28th St at SW corner,40.7472640006344,-73.9936109995393,DM,
7th Ave & 28th St at NW corner,40.7473920010598,-73.9935100000972,A1,
7th Ave & 27th St at NW corner (exit only),40.7467870011763,-73.9939550005025,DM,
7th Ave & 27th St at NE corner (exit only),40.7465940009676,-73.9935550004780,A1,
7th Ave & 23rd St at SW corner,40.7440170008212,-73.9959009995017,NB,
7th Ave & 23rd St at NW corner,40.7443130013452,-73.9958110005541,DM,
7th Ave & 18th St at SW corner,40.7410810012773,-73.9981050003710,A1,
7th Ave & 18th St at NW corner,40.7412060012959,-73.9980349994081,NB,
7th Ave & 18th St at NW corner (exit only),40.7417830010501,-73.9975570004518,DM,
7th Ave & 18th St at NE corner (exit only),40.7416170005891,-73.9971969998904,A1,
7th Ave & 14th St at SE corner,40.7383580012026,-73.9996559995456,NB,
7th Ave & 13th St at NW corner (exit only),40.7380130006237,-74.0003290000329,DM,
7th Ave & 12th St at NW corner,40.7373880009545,-74.0008150001139,A1,
7th Ave & 12th St at NE corner,40.7371970009820,-74.0004000002311,NB,
7th Ave & Christopher St at SW corner,40.7335150009823,-74.0031469994880,DM,
7th Ave & Christopher St at SW corner,40.7334670013184,-74.0030760005197,A1,
7th Ave & Christopher St at NW corner,40.7336340010735,-74.0031229997271,NB,
7th Ave & Christopher St at NW corner,40.7336520008403,-74.0030059994626,DM,
Varick St & King St at SE corner,40.7277390013457,-74.0053050004901,A1,
Varick St & King St at NE corner,40.7279890009430,-74.0052579997303,NB,
Varick St & King St at SW corner,40.7278400006817,-74.0056810001604,DM,
Varick St & King St at NW corner,40.7279830011965,-74.0056500002372,A1,
Varick St & Houston St at SW corner,40.7285610007597,-74.0055399996141,NB,
Varick St & Houston St at NW corner,40.7286860005718,-74.0055169995535,DM,
Canal St & Varick St at NW corner,40.7229320005103,-74.0066200004337,A1,
Canal St & Varick St at NW corner,40.7228780009819,-74.0065179999104,NB,
Varick St & North Moore St at NE corner (exit only),40.7199180013494,-74.0066200005013,DM,
Varick St & Franklin St at SW corner,40.7189650006624,-74.0071209999020,A1,
Varick St & Franklin St at NW corner,40.7192510010612,-74.0070580000481,DM,
Varick St & North Moore St at NW corner (exit only),40.7198880009365,-74.0069249999286,A1,
Greenwich St & Morris St at NW corner,40.7064930006087,-74.0143189994743,NB,
Greenwich St & Morris St at NE corner,40.7065270012392,-74.0141440001597,DM,
Greenwich St & Morris St at NE corner,40.7065970006444,-74.0141149996646,A1,
Greenwich St & Rector St at SW corner (exit only),40.7075640005769,-74.0138529998586,NB,
William St & Cedar St at NW corner,40.7074310004688,-74.0087780002320,DM,
William St & Wall St at SW corner,40.7063850005475,-74.0096579997829,A1,
William St & Wall St at SE corner,40.7062720011813,-74.0094469995556,NB,
William St & Pine St at SE corner,40.7067550008865,-74.0088040002397,DM,
Bridge St & Fulton St at NE corner,40.6909310004839,-73.9852500001838,A1,
Bridge St & Fulton St at NW corner,40.6909720008398,-73.9854480004813,NB,
Elm Pl & Fulton St at SW corner,40.6900250009566,-73.9842480002609,DM,
Flatbush Ave & Livingston St at NE corner,40.6882430006031,-73.9803560001200,A1,
Flatbush Ave & Livingston St at NE corner,40.6880850005803,-73.9802429998543,NB,
Flatbush Ave & Bergen St at SW corner,40.6808320008209,-73.9755340001886,DM,
Flatbush Ave & Bergen St at SW corner,40.6807090008366,-73.9752409999690,A1,
Flatbush Ave & Bergen St at NW corner,40.6809510007733,-73.9754480002720,NB,
Schenectady Ave & Eastern Pkwy at SE corner,40.6688380012830,-73.9342389996026,DM,
Schenectady Ave & Eastern Pkwy at NE corner,40.6691020005387,-73.9342129997071,A1,
Nostrand Ave & Parkside Ave at SW corner,40.6561710004650,-73.9503460002670,NB,
Nostrand Ave & Church Ave at SW corner,40.6506400006893,-73.9496770001429,DM,
Nostrand & Church at SW corner,40.6507170013170,-73.9497410002232,A1,
Nostrand Ave & Church Ave at NW corner,40.6508940005890,-73.9498189998649,NB,
Nostrand Ave & Church Ave at NW corner,40.6509690011613,-73.9497139994776,DM,
Nostrand Ave & Beverly Rd at SW corner,40.6450160012606,-73.9492129995066,A1,
Nostrand Ave & Newkirk Ave at SW corner,40.6398830008326,-73.9487010001726,DM,
Nostrand Ave & Avenue H at NE corner,40.6318450012644,-73.9476649994573,A1,
Nostrand Ave & Flatbush Ave at NW corner,40.6332700012896,-73.9479290003194,NB,
Nostrand Ave & Flatbush Ave at NW corner,40.6332970008311,-73.9478360004305,DM,
Hunts Point Ave & 163rd St at SW corner (exit only),40.8206140005881,-73.8915190004157,A1,
Southern Blvd & Longwood Ave at SE corner,40.8161370007958,-73.8961330004731,NB,
Southern Blvd & Longwood Ave at NE corner,40.8163670010885,-73.8959240002559,DM,
Southern Blvd & 149th St at SE corner,40.8118870010973,-73.9041450003110,A1,
Southern Blvd & 149th St at NE corner,40.8120270013468,-73.9038690005129,NB,
Southern Blvd & St Mary's St at SE corner,40.8080300007320,-73.9077199996184,DM,
Southern Blvd & St Mary's St at NE corner,40.8083400011929,-73.9076179994710,A1,
Cypress Ave & 138th St at SW corner,40.8051710010521,-73.9139330000075,NB,
Cypress Ave & 138th St at SE corner,40.8050470006477,-73.9135240003719,DM,
Brook Ave & 138th St at SW corner,40.8074670005182,-73.9194480000981,A1,
Brook Ave & 138th St at SE corner,40.8073550010735,-73.9192189998806,NB,
3rd Ave & 138th St at NE corner,40.8108310004545,-73.9266549997892,DM,
Lincoln Ave & 138th St at SE corner,40.8107120008285,-73.9270500003352,A1,
Lincoln Ave & 138th St at SE corner,40.8106380010781,-73.9268830001171,NB,
Jerome Ave & Mosholu Pkwy at SW corner,40.8795030010512,-73.8851380004054,DM,
Jerome Ave & Mosholu Pkwy at SE corner,40.8793430010691,-73.8848800002356,A1,
River Ave & 161st St at SE corner,40.8276850011299,-73.9258420004082,NB,
River Ave & 161st St at SW corner,40.8277590010717,-73.9261000000881,DM,
River Ave & 161st St at NW corner,40.8279420004567,-73.9259999997283,A1,
River Ave & 161st St at NE corner,40.8278540013231,-73.9257450001387,NB,
Grand Concourse & 149th St at SW corner,40.8182590009951,-73.9276590004168,DM,
Grand Concourse & 149th St at SW corner,40.8183730013265,-73.9276090005208,A1,
Lexington Ave & 116th St at SE corner,40.7984040012591,-73.9416469999721,DM,
Lexington Ave & 116th St at NE corner,40.7987420012852,-73.9414060002924,A1,
Lexington Ave & 110th St at SE corner,40.7946820010467,-73.9443190005614,NB,
Lexington Ave & 110th St at NE corner,40.7948110012003,-73.9442350004084,DM,
Lexington Ave & 86th St at NE corner,40.7796610006467,-73.9553019999494,A1,
Lexington Ave & 86th St at NE corner,40.7795770007822,-73.9553040003152,NB,
Lexington Ave & 86th St at SE corner,40.7792840005904,-73.9554429995882,DM,
Lexington Ave & 86th St at SE corner,40.7793300007153,-73.9555449995102,A1,
Lexington Ave & 77th St at SE corner,40.7735260006353,-73.9597339998335,NB,
Lexington Ave & 77th St at NE corner,40.7736310009602,-73.9596589997284,DM,
Lexington Ave & 77th St at SE corner,40.7734930006855,-73.9596590004095,A1,
Lexington Ave & 77th St at NE corner,40.7736030011512,-73.9595779999402,NB,
Lexington Ave & 60th St at SE corner,40.7626600006122,-73.9676249998170,DM,
Lexington Ave & 59th St at NW corner,40.7624140009320,-73.9683710005750,A1,
Lexington Ave & 59th St at SW corner,40.7622660011145,-73.9684790005808,NB,
Lexington Ave & 60th St at NE corner,40.7628350008647,-73.9675540004381,DM,
Lexington Ave & 59th St at SE corner,40.7620690007223,-73.9680160000141,A1,
Lexington Ave & 50th St at NW corner,40.7566860011707,-73.9725099997748,NB,
Lexington Ave & 51st St at SE corner,40.7569990007531,-73.9718030005518,DM,
Lexington Ave & 51st St at NE corner,40.7571260004982,-73.9717210003324,A1,
Lexington Ave & 51st St at SE corner,40.7569640010235,-73.9717120002848,NB,
Lexington Ave & 51st St at NE corner,40.7570590008720,-73.9715700003195,DM,
Park Ave & 42nd St at SE corner,40.7517410012039,-73.9776909995098,A1,
Park Ave & 42nd St at SE corner,40.7516530004619,-73.9777529994642,NB,
Lexington Ave & 42nd St at SW corner,40.7513520010642,-73.9763959994129,DM,
Park Ave & 42nd St at SE corner,40.7516470010816,-73.9773820003878,A1,
Park Ave & 32nd St at SE corner,40.7455850010097,-73.9821979996687,DM,
Park Ave & 32nd St at SE corner,40.7456410004961,-73.9821029996577,A1,
Park Ave & 33rd St at SW corner,40.7464470011606,-73.9821469999888,NB,
Park Ave & 33rd St at NW corner,40.7466320012447,-73.9818820002086,DM,
Park Ave & 32nd St at SW corner,40.7457230005953,-73.9825310005147,A1,
Park Ave & 32nd St at SW corner,40.7458210005321,-73.9825759999500,NB,
Park Ave & 28th St at NW corner,40.7434840004604,-73.9842799996518,DM,
Park Ave & 28th St at SW corner,40.7433940006318,-73.9844089997471,A1,
Park Ave & 28th St at SW corner,40.7433510013044,-73.9843019999066,NB,
Park Ave & 23rd St at NW corner,40.7404190010062,-73.9864519996825,DM,
Park Ave & 22nd St at SW corner,40.7395010012573,-73.9871340001556,A1,
Park Ave & 23rd St at SW corner,40.7400970006566,-73.9866009998598,NB,
Park Ave & 23rd St at SW corner,40.7401800004683,-73.9866170005620,DM,
Park Ave & 22nd St at NW corner,40.7396740006840,-73.9870400000941,A1,
Park Ave & 22nd St at NE corner,40.7394770004501,-73.9865619996093,NB,
4th Ave & 15th St at SW corner,40.7351840010139,-73.9897929996540,DM,
4th Ave & 14th St at SW corner,40.7344950005294,-73.9903109997537,A1,
4th Ave & 14th St at SW corner,40.7344440012130,-73.9901840001359,NB,
Lafayette St & Astor Pl at NW corner,40.7299680005784,-73.9914100005891,DM,
Lafayette St & Bleecker St at SW corner,40.7259580007761,-73.9948289999300,A1,
Lafayette St & Bleecker St at NW corner,40.7260470012183,-73.9947589997019,NB,
Lafayette St & Spring St at NW corner,40.7224680010374,-73.9973969995085,DM,
Lafayette St & Spring St at SW corner,40.7223900007088,-73.9974370004334,A1,
Lafayette St & Canal St at NE corner,40.7183040007074,-74.0001379998269,NB,
Lafayette St & Canal St at NE corner,40.7183580005654,-74.0002160001371,DM,
Centre St & Reade St at NW corner,40.7138390010880,-74.0038640002536,A1,
Centre St & Reade St at NW corner,40.7138990012325,-74.0036420001752,DM,
Broadway & John St at SE corner,40.7101660005075,-74.0094239994586,A1,
Broadway & John St at NE corner,40.7101650006863,-74.0091820004986,NB,
Broadway & Rector St at SE corner,40.7084360006214,-74.0112980004003,DM,
Broadway & Rector St at SW corner,40.7073150004980,-74.0121610002531,A1,
Broadway & Rector St at SW corner,40.7074280011371,-74.0120670002674,NB,
Broadway & Rector St at NW corner,40.7075770008069,-74.0119270000969,DM,
Broadway & Rector St at NW corner,40.7076710010055,-74.0118540004874,A1,
Broadway & Battery Pl at NW corner,40.7048250010464,-74.0145720004476,NB,
Broadway & Battery Pl at NW corner,40.7047950009743,-74.0144539997554,DM,
State & Battery Pl at SW corner,40.7041570005122,-74.0145090003992,A1,
Court St & Joralemon St at SW corner,40.6924890010196,-73.9911929998028,NB,
White Plains Rd & Pelham Pkwy at NW corner,40.8580410012378,-73.8677179999290,DM,
White Plains Rd & Pelham Pkwy at NE corner,40.8580290012611,-73.8674810005364,A1,
Boston Rd & 174th St at SE corner,40.8372410012306,-73.8875599996495,NB,
Boston Rd & 174th St at NE corner,40.8373060007972,-73.8872869995357,DM,
Southern Blvd & Freeman St at SE corner,40.8300740012204,-73.8914860001390,A1,
Southern Blvd & Freeman St at NE corner,40.8301770006263,-73.8914820005158,NB,
Westchester Ave & Simpson St at SW corner,40.8238840013384,-73.8931969997964,DM,
Westchester Ave & Simpson St at SE corner,40.8241180013033,-73.8927310000823,A1,
,40.8193680011126,-73.9019659997349,NB,
Prospect Ave & Longwood Ave at NE corner,40.8195620006356,-73.9014979999762,DM,
Prospect Ave & Longwood Ave at NE corner,40.8196840004865,-73.9013480000150,A1,
Melrose Ave & 149th St at SW corner,40.8159710006291,-73.9179829996330,NB,
3rd Ave & 149th St at SE corner,40.8158810011651,-73.9175219996443,DM,
Melrose Ave & 149th St at SW corner,40.8160330007226,-73.9180639999506,A1,
3rd Ave & 149th St at SE corner,40.8158530011009,-73.9177589996791,DM,
Lenox Ave & 135th St at SE corner,40.8138960007300,-73.9408309995945,A1,
Lenox Ave & 135th St at NE corner,40.8141880008537,-73.9406179999750,NB,
Lenox Ave & 125th St at SE corner,40.8075480004801,-73.9454629996671,DM,
Lenox Ave & 125th St at NE corner,40.8078750009313,-73.9452289994620,A1,
Lenox Ave & 116th St at SE corner,40.8018220012342,-73.9496509995792,NB,
Lenox Ave & 116th St at NE corner,40.8021110010746,-73.9494370000148,DM,
Lenox Ave & 111th St at NW corner,40.7990330007207,-73.9520580002381,A1,
74th St & Roosevelt Ave at NE corner,40.7470250012236,-73.8914129999851,NB,
47th St & Queens Blvd at SW corner,40.7429870012532,-73.9179360004352,DM,
47th St & Queens Blvd at NW corner,40.7431340005527,-73.9178950003594,A1,
34th St & Queens Blvd at SW corner,40.7444940012654,-73.9308939996014,NB,
34th St & Queens Blvd at NW corner,40.7446580012961,-73.9308650000217,DM,
Vernon Blvd & 50th Ave at SW corner,40.7425880011377,-73.9542519994705,A1,
Vernon Blvd & 50th Ave at SW corner,40.7426540012579,-73.9542319994457,NB,
Jackson Ave & 50th Ave at NE corner,40.7424960009645,-73.9524820001370,DM,
Jackson Ave & 50th Ave at NW corner,40.7425930008409,-73.9528499998683,A1,
3rd Ave & 42nd St at SW corner,40.7508510007581,-73.9750780002956,NB,
Broadway & 43rd St at SW corner,40.7564760009029,-73.9863109995825,DM,
Madison Ave & 42nd St at NE corner,40.7528300011463,-73.9789170004097,A1,
Vanderbilt Ave & 42nd St at SE corner,40.7522180011030,-73.9783960000812,NB,
Vanderbilt Ave & 42nd St at SE corner,40.7522790011570,-73.9782800003600,DM,
Vanderbilt Ave & 42nd St at NW corner,40.7527170009360,-73.9784870002827,A1,
Park Ave & 42nd St at SW corner,40.7521840006514,-73.9780479995566,NB,
4th Ave & 15th St at SW corner,40.7353110008817,-73.9902650000470,DM,
Broadway & Waverly Pl at NW corner,40.7297780012800,-73.9932619997119,A1,
New Utrecht Ave & Bay Ridge Ave at SE corner,40.6203600006828,-73.9985499997087,DM,
New Utrecht Ave & 77th St at NE corner,40.6140180011183,-74.0003779999245,A1,
Lorimer St & Broadway at NW corner,40.7034540007917,-73.9465360001842,NB,
Lorimer St & Broadway at SW corner,40.7033210012126,-73.9466129996701,DM,
Bogart St & Harrison Pl at NW corner,40.7060730010881,-73.9336329996844,A1,
Jefferson St & Wyckoff Ave at NW corner,40.7072290011807,-73.9237249997221,NB,
Jefferson St & Wyckoff Ave at SW corner,40.7070710007805,-73.9238769998363,DM,
Stanhope St & Wycoff Ave at SE corner,40.7032480006151,-73.9177199994486,A1,
Stanhope St & Wycoff Ave at SW corner,40.7033530011028,-73.9179569997125,NB,
Norman St & Wycoff Ave at NE corner,40.6951860007266,-73.9030650005177,DM,
Covert St & Wycoff Ave at NW corner,40.6952010009590,-73.9037640005139,A1,
8th Ave & 51st St at NE corner,40.7629000011496,-73.9854120001249,NB,
8th Ave & 43rd St at SW corner,40.7579290004981,-73.9895469996878,DM,
8th Ave & 42nd St at NW corner,40.7574630009847,-73.9899839996261,A1,
8th Ave & 15th St at NE corner,40.7404100005735,-74.0017499995713,NB,
8th Ave & 15th St at NW corner,40.7405980010315,-74.0021849998216,DM,
8th Ave & 14th St at NE corner,40.7397760004609,-74.0022559999672,A1,
Jay St & Fulton St at NE corner,40.6915590004737,-73.9872080004420,NB,
Jay St & Fulton St at NW corner,40.6917000009346,-73.9874610000183,DM,
William St & John St at NE corner,40.7086300007960,-74.0069990003969,A1,
William St & Fulton St at SE corner,40.7092000009456,-74.0066640003694,NB,
William St & Fulton St at SE corner,40.7090460011773,-74.0068140005398,DM,
5th-6th Aves & 42nd St at S corner,40.7541750009746,-73.9828709999326,A1,
5th-6th Aves & 42nd St at S corner,40.7542130010418,-73.9829839999899,NB,
Madison Ave & 42nd St at SW corner,40.7528460007206,-73.9797979999239,DM,
Madison Ave & 42nd St at NW corner,40.7530870010909,-73.9795369995987,A1,
,40.7013130006615,-74.0134790004047,DM,
15th St & Avenue H at SE corner (exit only),40.6298840011536,-73.9618819996568,A1,
New Utrecht Ave & Bay Ridge Ave at SW corner (exit only),40.6203790005616,-73.9987639994323,NB,
New Utrecht Ave & 77th St at NW corner (exit only),40.6140540012800,-74.0005849997251,DM,
123rd St & Jamaica Ave at SE corner (exit only),40.7005960006585,-73.8272390005147,A1,
Church St & Warren St at SE corner (exit only),40.7142000005685,-74.0083570004131,NB,
Clinton Ave & Fulton Ave at SE corner (exit only),40.6833170009456,-73.9667409996886,DM,
Rockaway Ave & Fulton St at SE corner (exit only),40.6780170004531,-73.9106610002774,A1,
Rockaway Ave & Fulton St at SW corner (exit only),40.6781420012114,-73.9108749995004,NB,
Grand Concourse & McClellan St at SE corner (exit only),40.8329120011025,-73.9188220002794,DM,
McDonald Ave & Avenue J at NW corner (exit only),40.6242630009721,-73.9760489997778,A1,
McDonald Ave & Gravesend Neck Rd at SW corner (exit only),40.5950530007970,-73.9736230000013,NB,
63rd Rd & Queens Blvd at NE corner (exit only),40.7304170008734,-73.8623730001024,DM,
Broadway & 238th St at SE corner (exit only),40.8852260011577,-73.9004389995063,A1,
10th Ave & 215th St at NE corner (exit only),40.8697290010819,-73.9149540000205,NB,
Broadway & 168th St at SE corner (exit only),40.8407170011725,-73.9397199995848,DM,
Broadway & 104th St at SE corner (exit only),40.7995840008315,-73.9680910000015,A1,
7th Ave & 13th St at NE corner (exit only),40.7378460010547,-73.9999300002454,NB,
Greenwich St & Rector St at NW corner (exit only),40.7081910011719,-74.0135820005788,DM,
Nostrand Ave & Avenue D at SW corner (exit only),40.6407430010301,-73.9485969999556,A1,
Park Ave & 42nd St at SE corner (exit only),40.7517210005899,-73.9771970002726,NB,
Lenox Ave & 145th St at SE corner (exit only),40.8201610010757,-73.9362530000381,DM,
Lenox Ave & 145th St at NE corner (exit only),40.8206020012392,-73.9359330005830,A1,
Baychester Ave & Tillotson Ave at NW corner (exit only),40.8793300012347,-73.8378579995729,NB,
,40.8700390008064,-73.8457240000821,DM,
Jackson Ave & 50th Ave at SE corner (exit only),40.7423510005406,-73.9527229998257,A1,
Jackson Ave & 50th Ave at SW corner (exit only),40.7424320006815,-73.9531559996979,DM,
,40.6722080005509,-73.8345889997322,A1,
Broadway & Canal St at NE corner,40.7194980008175,-74.0016060002806,NB,
Broadway & Canal St at SE corner,40.7192180007432,-74.0018500005805,DM,
Broadway & Canal St at SE corner,40.7191660010994,-74.0017740005715,A1,
,40.6083190012243,-73.9573519999799,NB,
Nassau St & Cedar St at SE corner,40.7080270011815,-74.0098139997174,DM,
Broad St & Wall St at SE corner,40.7069110006773,-74.0104940000132,A1,
Broad St & Wall St at SW corner,40.7071170010780,-74.0108209996170,NB,
Broad St & Wall St at SE corner,40.7068870005039,-74.0106870000173,DM,
Central Park West & 60th St at West corner,40.7687190007849,-73.9817879996008,A1,
8th Ave & 33rd St at SE corner,40.7512910012822,-73.9938870005917,NB,
8th Ave & 33rd St at NE corner,40.7514320005386,-73.9935379995801,DM,
8th Ave & 33rd St at NW corner,40.7516770010414,-73.9941069998919,A1,
8th Ave & 33rd St at SW corner,40.7515610011649,-73.9942429994956,NB,
8th Ave & 33rd St at SW corner,40.7515390004946,-73.9941810002336,DM,
6th Ave & 33rd St at SW corner,40.7489500011456,-73.9886230002028,A1,
6th Ave & 32nd St at NW corner,40.7487460008961,-73.9887739996510,NB,
3rd Ave & 53rd St at SE corner,40.7574750006404,-73.9692550002141,DM,
3rd Ave & 53rd St at NE corner,40.7577180011114,-73.9691610001510,A1,
3rd Ave & 53rd St at NE corner,40.7576850005665,-73.9691250002755,NB,
Broadway & 96th St at SW corner,40.7930700010788,-73.9731739994282,DM,
Broadway & 96th St at SE corner,40.7929230006782,-73.9728239999685,A1,
Broadway & 96th St at SW corner,40.7932090005813,-73.9730740005273,NB,
Broadway & 96th St at SE corner,40.7930650007740,-73.9727220004509,DM,
Broadway & 86th St at NE corner,40.7890200008798,-73.9763299995745,A1,
7th Ave & 42nd St at SE corner,40.7557470013388,-73.9868750001041,DM,
7th Ave & 41st St at SE corner,40.7552480011838,-73.9873620004493,A1,
7th Ave & 41st St at SE corner,40.7553340004624,-73.9871999998249,NB,
7th Ave & 32nd St at W corner,40.7497900008854,-73.9917210005442,DM,
7th Ave & 34th St at SE corner,40.7508100009077,-73.9904810002547,A1,
7th Ave & 34th St at NE corner,40.7510200010160,-73.9903229999496,NB,
7th Ave & 28th St at SE corner,40.7470360012417,-73.9931379996604,DM,
7th Ave & 28th St at NE corner,40.7472160006390,-73.9931210005819,A1,
Lexington Ave & 43rd St at SE corner,40.7518010007973,-73.9752939997259,NB,
Lexington Ave & 42nd St at NE corner,40.7513450011644,-73.9754089997360,DM,
Lexington Ave & 42nd St at NW corner,40.7517010012949,-73.9760870000192,A1,
Dyre Ave & Light St at NE corner,40.8879800009047,-73.8311950005774,NB,
Baychester Ave & Tillotson Ave at NW corner,40.8795190011337,-73.8379579994089,DM,
Seymour Ave & Gun Hill Rd at SE corner,40.8701170004992,-73.8458690001599,A1,
Esplanade & Laconia Ave at NE corner,40.8588040010861,-73.8555149994399,NB,
Esplanade & Paulding Ave at W corner,40.8545440008547,-73.8602480004899,DM,
Main St & Roosevelt Ave at NE corner,40.7599080008105,-73.8290190005471,A1,
Main St & Roosevelt Ave at NE corner,40.7600040012126,-73.8286299995439,NB,
Main St & Roosevelt Ave at NE corner,40.7600480004737,-73.8284439996628,DM,
Main St & Roosevelt Ave at SE corner,40.7598950010600,-73.8285729997666,A1,
Main St & Roosevelt Ave at SE corner,40.7599460004621,-73.8284140003703,NB,
River Ave & 161st St at SW corner,40.8276050004675,-73.9262819998309,DM,
River Ave & 161st St at SW corner,40.8275290008028,-73.9263220004944,A1,
River Ave & 161st St at SW corner,40.8274610011246,-73.9263620005114,NB,
River Ave & 161st St at SW corner,40.8273990008293,-73.9263940001013,DM,
Lafayette St & Houston St at SW corner,40.7249870005642,-73.9956279999041,A1,
Crosby St & Houston St at SE corner,40.7250110008136,-73.9957449996548,DM,
McDonald Ave & Avenue J at NE corner,40.6243010011796,-73.9758169994691,A1,
McDonald Ave & Gravesend Neck Rd at SE corner,40.5950270011661,-73.9733820005029,NB,
63rd Dr & Queens Blvd at NW corner,40.7300370009734,-73.8613430000640,DM,
63rd Dr & Queens Blvd at SW corner,40.7295740010302,-73.8617509995367,A1,
64th Rd & Queens Blvd at SE corner,40.7288470005089,-73.8596679998113,NB,
64th Rd & Queens Blvd at NW corner,40.7297740013024,-73.8604890003764,DM,
75th St & Broadway at SE corner,40.7459880010404,-73.8902080004136,A1,
75th St & Broadway at NE corner,40.7463910009414,-73.8902849999248,NB,
74th St & Roosevelt Av at SW corner,40.7465270012186,-73.8914610005807,DM,
Jackson Ave & 45th Ave at NW corner,40.7468690006285,-73.9435219994398,A1,
Court Square & Jackson Ave at SW corner,40.7462430009715,-73.9440110004095,NB,
10th Ave & 207th St at NE corner,40.8645990011452,-73.9186809996997,DM,
Broadway & 95th St at N corner,40.7946110009519,-73.9720530001468,A1,
Broadway & 72nd St at SE corner,40.7784370005637,-73.9819469996063,NB,
Columbus Circle & 59th St at SE corner,40.7676540006604,-73.9814229995005,DM,
Columbus Circle & 59th St at SE corner,40.7676420006998,-73.9812350000899,A1,
Duffield St & Fulton St at NE corner,40.6904330013177,-73.9843230001515,NB,
Lexington Ave & 60th St at NW corner,40.7629860011704,-73.9678500001734,DM,
Lafayette St & Canal St at NW corner,40.7185890009471,-74.0005520003561,A1,
Lafayette St & Canal St at SW corner,40.7185060011112,-74.0008259998818,NB,
Lafayette St & Canal St at NW corner,40.7186380009298,-74.0006229994200,DM,
Broadway & Fulton St at SW corner,40.7109440012805,-74.0094029997666,A1,
Broadway & Fulton St at NW corner,40.7110260009856,-74.0091899994460,NB,
Broadway & Fulton St at NW corner,40.7111120004878,-74.0093820001150,DM,
& Ellis St at S Corner,40.5155319993846,-74.2454847732925,A1,
Richmond Valley Rd & Amboy Rd at NW Corner,40.5196709452549,-74.2286796434407,DM,
Guyon Av & N Railroad Av at SE Corner,40.5646567154246,-74.1268758836169,A1,
Jefferson Av & N Railroad Av at SW Corner,40.5840621202594,-74.1027923584093,NB,
Seaview Av & Hancock St at NE Corner,40.5886556718521,-74.0961096362324,DM,
Main St & Utah St at NW Corner,40.5132152944247,-74.2509668360201,A1,
Richmond Valley Rd & Amboy Rd at NE Corner,40.5195103617941,-74.2295218924179,NB,
Fremont Av & S Railroad Av at NW Corner,40.5789244418078,-74.1095755651568,DM,
Bay St & Norwood Av at SE Corner,40.6218330504812,-74.0718812958544,A1,
Richmond Valley Rd & Richmond Valley Rd at SE Corner,40.5196011111130,-74.2295479864268,NB,
Weiner St & Richmond Valley Rd at SW Corner,40.5197658241097,-74.2289119868199,DM,
Seguine Av & Herbert St at NE Corner,40.5251048409895,-74.2006673825267,A1,
Richmond Av & Eltingville Bl at SE Corner,40.5443877860017,-74.1652143227801,NB,
Seaview Av & Hancock St at NW Corner,40.5885204174465,-74.0963690301990,DM,
Minthorne St & Victory Bl at SE Corner,40.6376322568188,-74.0750178378336,A1,
Giffords La & Baltimore St at SW Corner,40.5515999438635,-74.1506400170505,NB,
Cedarview Av & N Railroad Av at SE Corner,40.5653371981420,-74.1262955886703,DM,
7 BENTLEY STREET,40.5121137097148,-74.2528325170581,A1,
Huguenot Av & West Te at SE Corner,40.5332032844431,-74.1923129733033,NB,
New Dorp La & New Dorp Pz at   Corner,40.5739560459235,-74.1166282451574,DM,
Richmond Av & Mosely Av at NE Corner,40.5442080474007,-74.1650479930268,A1,
Jefferson Av & S Railroad Av at NW Corner,40.5839970256067,-74.1026869020769,NB,
Belfield Av & N Railroad St at SW Corner,40.5405535741947,-74.1784370568954,DM,
Oak Av & S Railroad Av at NW Corner,40.5651686601830,-74.1260586683362,A1,
N Railroad Av & Old Town Rd at NE Corner,40.5961091155403,-74.0878339287392,NB,
Bay St & Townsend Av at NE Corner,40.6215933621030,-74.0716915979061,DM,
Amboy Rd & Penton St at NW Corner,40.5224891503685,-74.2168122304431,A1,
Bay Te & S Railroad Av at NE Corner,40.5559986393907,-74.1374684460463,DM,
Fremont Av & N Railroad Av at SW Corner,40.5790581503896,-74.1097467841243,A1,
Bay St & Cross St at NE Corner,40.6277631422506,-74.0751405765791,NB,
Staten Island Ferry Terminal,40.6442631964494,-74.0732699669269,DM,
McDonald Ave & 18th Ave at SW corner,40.6305310005712,-73.9772510005535,A1,
McDonald Ave & 18th Ave at SE corner,40.6305620013473,-73.9769950002421,NB,
McDonald Ave & Avenue I at NW corner,40.6261330011656,-73.9764069997594,DM,
McDonald Ave & Avenue I at NE corner,40.6261630004841,-73.9761770005263,A1,
McDonald Ave & Bay Pkwy at SW corner,40.6207970007944,-73.9754790000711,NB,
McDonald Ave & Bay Pkwy at SE corner,40.6208250012769,-73.9751380000047,DM,
McDonald Ave & Bay Pkwy at NW corner,40.6211620007635,-73.9754670005149,A1,
McDonald Ave & Avenue N at NW corner,40.6142790013413,-73.9741800004188,NB,
McDonald Ave & Avenue N at NE corner,40.6143040009756,-73.9739099999626,DM,
McDonald Ave & Avenue P at SW corner,40.6086150008867,-73.9730970003584,A1,
McDonald Ave & Avenue P at NE corner,40.6090410012892,-73.9729040002486,NB,
McDonald Ave & Kings Hwy at SW corner,40.6040070010121,-73.9723929996458,DM,
McDonald Ave & Kings Hwy at SE corner,40.6039990006825,-73.9721240002323,A1,
McDonald Ave & Avenue U at SW corner,40.5967010009068,-73.9734020003502,NB,
McDonald Ave & Avenue U at SE corner,40.5968970010459,-73.9731370003332,DM,
McDonald Ave & Avenue X at NW corner,40.5905210010682,-73.9742420002746,A1,
McDonald Ave & Avenue X at NE corner,40.5902660010804,-73.9740509994558,NB,
West 6th St & Neptune Ave at NE corner,40.5805760006020,-73.9744430004977,DM,
West 6th St & Neptune Ave at NW corner,40.5805470012170,-73.9747780000728,A1,
179th Pl & Hillside Ave at SW corner,40.7125810013280,-73.7833770000102,NB,
180th St & Hillside Ave at SW corner,40.7128650012881,-73.7824179994811,DM,
Midland Pkwy & Hillside Ave at NE corner,40.7132070009564,-73.7821190003803,A1,
180th St & Hillside Ave at SW corner,40.7127230006171,-73.7826370005758,DM,
180th St & Hillside Ave at NW corner,40.7131130010046,-73.7826239995613,A1,
180th St & Hillside Ave at SW corner,40.7127230012853,-73.7830349994767,NB,
31st St & 23rd Ave at NW corner,40.7751490010533,-73.9120739996187,DM,
31st St & 23rd Ave at NE corner,40.7748100005521,-73.9121509997329,A1,
31st St & 23rd Ave at NE corner,40.7750250006696,-73.9118909998634,NB,
31st St & 23rd Ave at NW corner,40.7749380010439,-73.9123370005001,DM,
31st St & Hoyt Ave South at SW corner,40.7703130007887,-73.9179779999838,A1,
31st St & Hoyt Ave South at SE corner,40.7701700012283,-73.9177550005800,NB,
31st St & Hoyt Ave North at NW corner,40.7710090006945,-73.9171669994446,DM,
31st St & Hoyt Ave North at NE corner,40.7708700012331,-73.9169349995467,A1,
31st St & 30th Ave at SW corner,40.7667870012724,-73.9216289998266,NB,
31st St & 30th Ave at SE corner,40.7667000011469,-73.9214059999032,DM,
31st St & 30th Ave at NW corner,40.7670520012453,-73.9214090003457,A1,
31st St & 30th Ave at NE corner,40.7669630011802,-73.9211920000255,NB,
31st St & Broadway at SW corner,40.7618800013256,-73.9256380003380,DM,
31st St & Broadway at SE corner,40.7617730010200,-73.9253989995769,A1,
31st St & Broadway at NW corner,40.7622170012082,-73.9253489999620,NB,
31st St & 36th Ave at SW corner,40.7564780004575,-73.9299929999359,DM,
31st St & 36th Ave at SE corner,40.7563790011941,-73.9297660004528,A1,
31st St & 36th Ave at NW corner,40.7567960012853,-73.9297400004327,NB,
31st St & 39th Ave at NW corner,40.7529010012616,-73.9329029996109,DM,
31st St & 39th Ave at SE corner,40.7524910012408,-73.9329360003731,A1,
5th Ave & 60th St at NW corner,40.7651560010547,-73.9725009999915,NB,
5th Ave & 60th St at SE corner,40.7647280005888,-73.9723960001991,DM,
5th Ave & 60th St at NE corner,40.7648490013340,-73.9723059995983,A1,
5th Ave & 60th St at SE corner,40.7646570007331,-73.9722289997426,DM,
7th Ave & 57th St at SW corner,40.7653650006575,-73.9803410003420,A1,
7th Ave & 57th St at SE corner,40.7652980006227,-73.9800330004086,NB,
7th Ave & 57th St at NW corner,40.7657960008791,-73.9800119999978,DM,
7th Ave & 57th St at NE corner,40.7656390006530,-73.9797639994275,A1,
7th Ave & 49th St at SW corner,40.7604860006994,-73.9839739997984,NB,
7th Ave & 49th St at NW corner,40.7606210008942,-73.9839040004288,DM,
Broadway & 28th St at SE corner,40.7450890011821,-73.9884719999123,A1,
Broadway & 28th St at NE corner,40.7452990009745,-73.9885790002864,NB,
Broadway & 23rd St at SE corner,40.7410800005688,-73.9890830001514,DM,
Broadway & 23rd St at SE corner,40.7411110011690,-73.9889199999186,A1,
Broadway & 23rd St at NE corner,40.7413780009159,-73.9888950001835,NB,
Broadway & 23rd St at NE corner,40.7415390007939,-73.9889889994632,DM,
Broadway & 14th St at NE corner,40.7352780012414,-73.9910579999021,A1,
Broadway & 8th Ave at SE corner,40.7304770011672,-73.9922859999099,NB,
Broadway & 8th Ave at NE corner,40.7305780010846,-73.9922159996065,DM,
Broadway & Prince St at SE corner,40.7241240006242,-73.9976859999007,A1,
Broadway & Prince St at NE corner,40.7242200010331,-73.9976329999650,NB,
Broadway & Warren St at SE corner,40.7131100005797,-74.0070450004856,DM,
Broadway & Warren St at NE corner,40.7134370011464,-74.0067599998317,A1,
Broadway & Warren St at SE corner,40.7135210008466,-74.0066969999263,NB,
Church St & Dey St at NE corner,40.7108710007428,-74.0107669994103,DM,
Church St & Dey St at SE corner,40.7110650011204,-74.0106439995584,A1,
Trinity Pl & Rector St at SE corner,40.7076470006857,-74.0129240001570,NB,
Trinity Pl & Rector St at NE corner,40.7079020007743,-74.0127739999198,DM,
Trinity Pl & Rector St at NE corner,40.7080280008214,-74.0126960004525,A1,
,40.7019380009871,-74.0125880001722,DM,
,40.7021080009018,-74.0126420004973,A1,
,40.7021080009018,-74.0126420004973,NB,
Lawrence St & Willoughby St at SE corner,40.6921140012875,-73.9861069995295,DM,
Lawrence St & Willoughby St at SE corner,40.6922580004634,-73.9861140005658,A1,
Lawrence St & Willoughby St at NE corner,40.6920520011716,-73.9861910001802,NB,
Lawrence St & Willoughby St at NE corner,40.6923590010584,-73.9861809998989,DM,
Flatbush Ave & De Kalb Ave at SE corner,40.6898040009014,-73.9811639997556,A1,
Flatbush Ave & De Kalb Ave at SW corner,40.6898100004569,-73.9816509995625,NB,
Flatbush Ave & De Kalb Ave at SE corner,40.6898170007679,-73.9810819998493,DM,
Flatbush Ave & De Kalb Ave at SE corner,40.6897400010139,-73.9811560004084,A1,
4th Ave & Pacific St at NE corner,40.6838050006023,-73.9784870001673,NB,
4th Ave & Pacific St at NW corner,40.6839050005522,-73.9788789996026,DM,
4th Ave & Pacific St at NE corner,40.6839280012630,-73.9784120004726,A1,
4th Ave & Union St at SE corner,40.6770010011825,-73.9831330004396,NB,
4th Ave & Union St at SW corner,40.6772790012280,-73.9833270002884,DM,
4th Ave & Union St at SE corner,40.6771710008322,-73.9830200001012,A1,
4th Ave & 9th St at NE corner,40.6703870005242,-73.9884799997397,NB,
4th Ave & Prospect Ave at NE corner,40.6652990008902,-73.9927289997757,DM,
4th Ave & Prospect Ave at SW corner,40.6650580010323,-73.9930020001763,A1,
4th Ave & 25th St at SE corner,40.6603230004857,-73.9979519998091,NB,
4th Ave & 36th St at NW corner,40.6544900009227,-74.0044990001497,DM,
4th Ave & 36th St at NE corner,40.6543650010918,-74.0041129995450,A1,
4th Ave & 36th St at NW corner,40.6546760011020,-74.0043060003346,NB,
4th Ave & 45th St at NE corner,40.6493890009124,-74.0093329999510,DM,
4th Ave & 45th St at NW corner,40.6494240010155,-74.0097280001798,A1,
4th Ave & 45th St at NE corner,40.6492650012169,-74.0094570005698,DM,
4th Ave & 45th St at NW corner,40.6495460011184,-74.0096020001747,A1,
4th Ave & 53rd St at SW corner,40.6446530008564,-74.0146899998461,NB,
4th Ave & 53rd St at SE corner,40.6444930004837,-74.0144190004777,DM,
4th Ave & 53rd St at SW corner,40.6447560009425,-74.0145859998396,A1,
4th Ave & 53rd St at SE corner,40.6446010007496,-74.0143090003532,NB,
4th Ave & 59th St at NW corner,40.6416060005508,-74.0178969996376,DM,
4th Ave & 59th St at NE corner,40.6414350006846,-74.0175609999715,A1,
4th Ave & 59th St at NW corner,40.6417780005479,-74.0177219997256,NB,
4th Ave & 59th St at NE corner,40.6416330008647,-74.0173619998500,DM,
4th Ave & Bay Ridge Ave at NW corner,40.6348270007934,-74.0235800003411,A1,
4th Ave & Bay Ridge Ave at NE corner,40.6347680011269,-74.0233389999648,NB,
4th Ave & 77th St at NW corner,40.6295500005822,-74.0257310004454,DM,
4th Ave & 77th St at NE corner,40.6295030006289,-74.0254520002905,A1,
4th Ave & 86th St at SW corner,40.6226560008526,-74.0285469999613,NB,
4th Ave & 86th St at SE corner,40.6225830008204,-74.0283149998532,DM,
4th Ave & 95th St at SW corner,40.6160210005212,-74.0313829999834,A1,
5th Ave & 95th St at NE corner,40.6158930006958,-74.0308600000382,NB,
4th Ave & 95th St at NW corner,40.6161890008534,-74.0312340000220,DM,
Flatbush Ave & Park Pl at SW corner,40.6773650004511,-73.9727880003073,A1,
Carlton Ave & Park Pl at SE corner,40.6773240010273,-73.9722120005489,NB,
Ocean Ave & Lincoln Rd at NE corner,40.6607920012331,-73.9621089994943,DM,
Ocean Ave & Parkside Ave at NE corner,40.6552210013330,-73.9615160003233,A1,
18th St & Church Ave at NW corner,40.6494270008664,-73.9633559996640,NB,
Marlborough Rd & Beverly Rd at SE corner,40.6442720005164,-73.9645280005033,DM,
Marlborough Rd & Cortelyou Rd at SE corner,40.6413140008097,-73.9639960000860,A1,
Marlborough Rd & Newkirk Ave at SE corner,40.6350340009489,-73.9627359995601,DM,
16th St & Avenue H at SW corner,40.6299300006898,-73.9614770005111,A1,
Chambers St & West Broadway at SE corner,40.7153490010267,-74.0092110000391,NB,
Chambers St & West Broadway at NW corner,40.7157360012001,-74.0093279995097,DM,
Chambers St & West Broadway at NE corner,40.7155760006082,-74.0090309995903,A1,
Chambers St & Broadway at SW corner,40.7155390011155,-74.0094269995039,NB,
Greenwich St & Rector St at NE corner,40.7081070004657,-74.0134449999941,DM,
Park Pl & Broadway at NW corner,40.7127120005657,-74.0077660003230,A1,
William St & Fulton St at SE corner,40.7094750008666,-74.0064090001134,NB,
William St & Wall St at NW corner,40.7065060009588,-74.0095439996981,DM,
William St & Wall St at NE corner,40.7063920009982,-74.0093320004102,A1,
Clark St & Henry St at NW corner,40.6975900009110,-73.9932749997778,NB,
Clark St & Henry St at NW corner,40.6976490005237,-73.9930600002664,DM,
Lexington Ave & 125th St at NW corner,40.8045970011917,-73.9373999998348,A1,
Lexington Ave & 125th St at NE corner,40.8045170006414,-73.9371859995713,NB,
Lexington Ave & 116th St at SW corner,40.7984660005151,-73.9418820004636,DM,
Lexington Ave & 116th St at NW corner,40.7988520012020,-73.9415999998569,A1,
Lexington Ave & 110th St at SW corner,40.7948040010707,-73.9446129994965,NB,
Lexington Ave & 110th St at NW corner,40.7949270010140,-73.9445019996072,DM,
Lexington Ave & 103rd St at SW corner,40.7902790009478,-73.9478559995354,A1,
Lexington Ave & 103rd St at SE corner,40.7901930011437,-73.9476489994672,NB,
Lexington Ave & 96th St at SW corner,40.7858430009097,-73.9512319995922,DM,
Lexington Ave & 96th St at SE corner,40.7856400005792,-73.9509299995852,A1,
Lexington Ave & 96th St at NW corner,40.7860550010802,-73.9510569994558,NB,
Lexington Ave & 96th St at NE corner,40.7859030006502,-73.9506950002430,DM,
Lexington Ave & 86th St at SW corner,40.7794680005105,-73.9559050002519,A1,
Lexington Ave & 86th St at NW corner,40.7797180013330,-73.9557190000587,DM,
Lexington Ave & 86th St at SW corner,40.7794270011769,-73.9558100000733,A1,
Lexington Ave & 86th St at NW corner,40.7797200008441,-73.9555959994153,NB,
Lexington Ave & 77th St at SW corner,40.7736690012571,-73.9601349997430,DM,
Lexington Ave & 77th St at NW corner,40.7737790006621,-73.9599539996402,A1,
Lexington Ave & 77th St at NW corner,40.7737790011489,-73.9600409996538,NB,
Lexington Ave & 77th St at SW corner,40.7736360006685,-73.9600599999598,DM,
Lexington Ave & 68th St at SW corner,40.7678700007284,-73.9642439997740,A1,
Lexington Ave & 68th St at SW corner,40.7678170008583,-73.9643550002550,NB,
Lexington Ave & 68th St at SE corner,40.7677030008173,-73.9639789997190,DM,
Lexington Ave & 68th St at NW corner,40.7679810006245,-73.9641779997059,A1,
Lexington Ave & 68th St at NE corner,40.7678630012768,-73.9638980005379,NB,
Lexington Avenue & East 60th Street at SW corner,40.7628360011972,-73.9680400005322,DM,
Lexington Ave & 51st St at SW corner,40.7571230010928,-73.9721170003464,A1,
Lexington Ave & 51st St at NW corner,40.7572930007644,-73.9721080000556,NB,
Lexington Ave & 51st St at SW corner,40.7571570007467,-73.9721960004518,DM,
Lexington Ave & 51st St at NW corner,40.7572980007490,-73.9719390005705,A1,
Park Ave & 33rd St at SE corner,40.7462630011811,-73.9816630001616,NB,
Park Ave & 33rd St at SE corner,40.7462420012285,-73.9815999997224,DM,
Park Ave & 33rd St at NE corner,40.7465500006326,-73.9815329996175,A1,
Park Ave & 28th St at SE corner,40.7431280004545,-73.9838060003813,NB,
Park Ave & 28th St at SE corner,40.7431670005185,-73.9838959996911,DM,
Park Ave & 28th St at NE corner,40.7433040008725,-73.9838570004169,A1,
Park Ave & 28th St at NE corner,40.7432570010874,-73.9837379999964,NB,
Park Ave & 23rd St at SE corner,40.7400080006454,-73.9862329998760,DM,
Park Ave & 23rd St at SE corner,40.7399840008157,-73.9863429999292,A1,
Park Ave & 23rd St at NE corner,40.7401800007874,-73.9860060001506,DM,
4th Ave & 14th St at NE corner,40.7344060012184,-73.9894369997631,A1,
4th Ave & 14th St at SE corner,40.7341800010468,-73.9895490004556,NB,
4th Ave & 14th St at SE corner,40.7342220012093,-73.9896739998153,DM,
4th Ave & East 8th St at NE corner,40.7300840005148,-73.9908379995317,A1,
Lafayette St & Mulberry St at SW corner,40.7257260010465,-73.9945790000348,NB,
Lafayette St & Mulberry St at SE corner,40.7257550007684,-73.9943670004649,DM,
Lafayette St & Mulberry St at NE corner,40.7258450007335,-73.9943199997495,A1,
,40.7251370007159,-73.9949379997002,NB,
,40.7248880006107,-73.9952909998350,DM,
Lafayette St & Spring St at SE corner,40.7221160006215,-73.9969119996969,A1,
Lafayette St & Spring St at NE corner,40.7222350012873,-73.9968180000385,NB,
Lafayette St & Canal St at SE corner,40.7181550010795,-74.0003170003390,DM,
Lafayette St & Canal St at SE corner,40.7181970006457,-74.0003879999106,A1,
Centre St & Brooklyn Bridge Approach at NW corner,40.7128680009542,-74.0048059994998,NB,
Centre St & Brooklyn Bridge Approach at NW corner,40.7127230009370,-74.0049710000039,DM,
Rose Av & New Dorp Pz at   Corner,40.5732891436642,-74.1176361963925,A1,
Bethel Av & St Andrew's Pl at NW Corner,40.5176146540206,-74.2389029082891,NB,
Seaview Av & N Railroad Av at SW Corner,40.5886156454713,-74.0966409742230,DM,
Centre St & Brooklyn Bridge Approach at NE corner,40.7123330009177,-74.0043869998258,A1,
Nassau St & Frankfort St at SE corner,40.7118570005996,-74.0051139999434,NB,
Nassau St & Frankfort St at SE corner,40.7118240012015,-74.0050570000320,DM,
Lafayette St & Reade St at NW corner,40.7137210006852,-74.0037339997590,A1,
Lafayette St & Reade St at NW corner,40.7137210006852,-74.0037339997590,NB,
Broadway & Rector St at SE corner,40.7071900006310,-74.0119970002279,DM,
Broadway & Wall St at SE corner,40.7074460007922,-74.0118479999475,A1,
Broadway & Wall St at SE corner,40.7075770011370,-74.0117310004377,DM,
State & Battery Pl at SW corner,40.7046590012969,-74.0139200004485,A1,
Broadway & Bowling Green at NW corner,40.7046290010172,-74.0135019997382,NB,
Court St & Joralemon St at SE corner,40.6923400005909,-73.9905600002333,DM,
Court St & Joralemon St at SE corner,40.6922990012117,-73.9903010002175,A1,
Court St & Joralemon St at NE corner,40.6925480010578,-73.9900989996307,NB,
Court St & Joralemon St at NE corner,40.6925880010410,-73.9905719994643,DM,
White Plains Rd & 241st St at NW corner,40.9035970011498,-73.8503599996220,A1,
White Plains Rd & 241st St at SE corner,40.9032830012699,-73.8503209997595,NB,
White Plains Rd & 241st St at NE corner,40.9035090004717,-73.8501239996785,DM,
White Plains Rd & Nereid Ave at NW corner,40.8986200011651,-73.8543160003609,A1,
White Plains Rd & Nereid Ave at SE corner,40.8983230011780,-73.8542879996535,NB,
White Plains Rd & 233rd St at SE corner,40.8932150008820,-73.8573439999327,DM,
White Plains Rd & 233rd St at NW corner,40.8935970011011,-73.8574050005875,A1,
White Plains Rd & 225th St at SW corner,40.8877090010503,-73.8606659999970,NB,
White Plains Rd & 225th St at SE corner,40.8876600012137,-73.8604440003356,DM,
White Plains Rd & 225th St at NW corner,40.8879720009357,-73.8605170001257,A1,
White Plains Rd & 219th St at NW corner,40.8837230008396,-73.8628699998694,NB,
White Plains Rd & 219th St at SE corner,40.8834390009521,-73.8627429995917,DM,
White Plains Rd & 211th St at SW corner,40.8777790007218,-73.8661850005492,A1,
White Plains Rd & 211th St at SW corner,40.8778390008050,-73.8664209996574,NB,
White Plains Rd & Burke Ave at NW corner,40.8716310010808,-73.8672829994384,DM,
White Plains & Burke Ave at SE corner,40.8712150013202,-73.8670430001971,A1,
White Plains Rd & Allerton Ave at NW corner,40.8656050005344,-73.8674760000636,NB,
White Plains Rd & Allerton Ave at SE corner,40.8652570010246,-73.8672459999780,DM,
White Plains Rd & Pelham Pkwy at SE corner,40.8563380008541,-73.8675439994900,A1,
White Plains Rd & Pelham Pkwy at SW corner,40.8564030011985,-73.8677709998186,DM,
White Plains Rd & Pelham Pkwy at SE corner,40.8563370010150,-73.8675210002094,A1,
Birchall Ave & Sagamore St at SE corner,40.8487620007369,-73.8683819995055,NB,
Church St & Cortlandt St at SE corner,40.7102010011557,-74.0111979994854,DM,
Church St & Cortlandt St at NE corner,40.7104350008682,-74.0110659995302,A1,
Greenwich St & Morris St at NE corner,40.7063450011860,-74.0140000000511,NB,
Trinity Pl & Rector St at SW corner,40.7074950006061,-74.0132729997249,DM,
Trinity Pl & Rector St at SW corner,40.7076590004885,-74.0131660004894,A1,
Trinity Pl & Rector St at NW corner,40.7079500012049,-74.0129629996621,NB,
Trinity Pl & Rector St at NW corner,40.7080830008115,-74.0128629996311,DM,
Trinity Pl & Exchange Alley at NW corner (exit only),40.7072250009208,-74.0134540001244,A1,
,40.7040150008453,-74.0132840000958,NB,
,40.7041140012994,-74.0129999994986,DM,
,40.7040960008269,-74.0132929997706,A1,
Clinton St & Montague St at NW corner,40.6944160006752,-73.9926189995733,NB,
Clinton St & Montague St at SW corner,40.6942320008326,-73.9926350002695,DM,
Clinton St & Montague St at NW corner,40.6944750011996,-73.9928299999051,A1,
Bridge St & Willoughby St at SE corner,40.6919800004600,-73.9851900003840,NB,
Bridge St & Willoughby St at NE corner,40.6923150006838,-73.9851719999387,DM,
Bridge St & Willoughby St at SW corner,40.6920310010982,-73.9853949994592,A1,
Flatbush Ave & Fleet St at NW corner,40.6915400013431,-73.9825649997198,NB,
Flatbush Ave & Fleet St at NE corner,40.6915620006359,-73.9820479995670,DM,
4th Ave & Union St at SW corner,40.6771350010839,-73.9834160002470,A1,
4th Ave & 9th St at NW corner,40.6705380004822,-73.9887779995749,NB,
4th Ave & Prospect Ave at SE corner,40.6652690010413,-73.9932450001222,DM,
4th Ave & 25th St at SW corner,40.6604890007435,-73.9982200001333,A1,
4th Ave & 52nd St at NW corner (exit only),40.6456190012057,-74.0136880005718,DM,
4th Ave & 60th St at SW corner,40.6406820007746,-74.0188569996071,A1,
4th Ave & 60th St at SE corner,40.6405010009267,-74.0185310004458,NB,
4th Ave & 68th St at NW corner (exit only),40.6354680005613,-74.0233130004047,DM,
4th Ave & 76th St at NW corner (exit only),40.6302210013302,-74.0254589995802,A1,
4th Ave & 85th St at SW corner,40.6234980007685,-74.0282040000174,NB,
4th Ave & 93th St at SW corner,40.6175870007988,-74.0306960003251,DM,
4th Ave & 93th St at NE corner,40.6173630009233,-74.0304039998326,A1,
Ashland Pl & Hanson Pl at NE corner,40.6852220006934,-73.9776279995113,NB,
Flatbush Ave & Empire Blvd at SW corner,40.6624820005684,-73.9622850000592,DM,
Flatbush Ave & Empire Blvd at SW corner,40.6627270012342,-73.9622490005331,A1,
Ocean Ave & Woodruff Ave at NW corner (exit only),40.6542510005582,-73.9619090002616,NB,
St. Pauls Pl & Caton Ave at SE corner,40.6514820011441,-73.9627319996762,DM,
15th St & Avenue J at SE corner,40.6251300011442,-73.9607919998710,A1,
15th St & Avenue M at SE corner,40.6179280006251,-73.9594540001601,NB,
2nd Ave & 72nd St at NW corner,40.7689931909948,-73.9585669338935,DM,
2nd Ave & 72nd St at SE corner,40.7686940752258,-73.9582874269416,A1,
2nd Ave & 69th St at SE corner,40.7670401186119,-73.9594743418311,NB,
2nd Ave & 69th St at SE corner,40.7668837738435,-73.9595917274254,DM,
2nd Ave & 86th St at NE corner,40.7778182712506,-73.9513360610413,A1,
2nd Ave & 86th St at NE corner,40.7778637429972,-73.9514598398880,NB,
2nd Ave & 86th St at SE corner,40.7777406625492,-73.9516252545204,DM,
2nd Ave & bet 83rd & 84th St,40.7761877094679,-73.9528142369955,A1,
2nd Ave & 96th St at SW corner,40.7840988849555,-73.9474729969104,NB,
2nd Ave & 95th St at NW corner,40.7839160883093,-73.9476188981415,DM,
2nd Ave & 94th St at NE corner,40.7829243889859,-73.9477293853909,A1,
2nd Ave & 94th St at SW corner,40.7829669087856,-73.9482379246046,DM,
